0.534836488606412,0.534836488606412,0.533548020659216,0.530974188796964,0.527121193606054,0.521998317289384,0.515617901304711,0.507995316633000,0.499148926748387,0.489100043378954,0.477872875164916,0.465494469337887,0.451994646561722,0.437405929091934,0.421763462426730,0.405104930638424,0.387470465589208,0.368902550249983,0.349445916355159,0.329147436639988,0.308056011920041,0.286222453284859,0.263699359689587,0.240540991239488,0.216803138472589,0.192542987955399,0.167818984515449,0.142690690442595,0.117218641998237,0.091464203578164,0.065489419880353,0.039356866433855,0.013129498848863,-0.013129498848863,-0.039356866433855,-0.065489419880353,-0.091464203578164,-0.117218641998237,-0.142690690442595,-0.167818984515449,-0.192542987955399,-0.216803138472589,-0.240540991239488,-0.263699359689587,-0.286222453284859,-0.308056011920041,-0.329147436639988,-0.349445916355159,-0.368902550249983,-0.387470465589208,-0.405104930638424,-0.421763462426730,-0.437405929091934,-0.451994646561722,-0.465494469337887,-0.477872875164916,-0.489100043378954,-0.499148926748387,-0.507995316633000,-0.515617901304711,-0.521998317289384,-0.527121193606054,-0.530974188796964,-0.533548020659216,-0.534836488606412,-0.534836488606412,-0.533548020659216,-0.530974188796964,-0.527121193606054,-0.521998317289384,-0.515617901304711,-0.507995316633000,-0.499148926748387,-0.489100043378954,-0.477872875164916,-0.465494469337887,-0.451994646561722,-0.437405929091934,-0.421763462426730,-0.405104930638424,-0.387470465589208,-0.368902550249983,-0.349445916355159,-0.329147436639988,-0.308056011920041,-0.286222453284859,-0.263699359689588,-0.240540991239488,-0.216803138472589,-0.192542987955399,-0.167818984515449,-0.142690690442595,-0.117218641998237,-0.091464203578164,-0.065489419880353,-0.039356866433855,-0.013129498848864,0.013129498848863,0.039356866433855,0.065489419880353,0.091464203578164,0.117218641998236,0.142690690442595,0.167818984515449,0.192542987955399,0.216803138472589,0.240540991239488,0.263699359689587,0.286222453284859,0.308056011920041,0.329147436639988,0.349445916355159,0.368902550249983,0.387470465589208,0.405104930638424,0.421763462426730,0.437405929091934,0.451994646561722,0.465494469337886,0.477872875164916,0.489100043378954,0.499148926748387,0.507995316633000,0.515617901304711,0.521998317289384,0.527121193606054,0.530974188796964,0.533548020659216,0.534836488606412,0.534836488606412
0.534651865476222,0.534705358702388,0.533469908557568,0.530949282676587,0.527149553467973,0.522079874812207,0.515752460009223,0.508182552355496,0.499388388421610,0.489391154118760,0.478214933660035,0.465886651539442,0.452436007668440,0.437895405826250,0.422299875596317,0.405686987976972,0.388096764869607,0.369571582662410,0.350156070141931,0.329897000978431,0.308843181044010,0.287045330834985,0.264555963281777,0.241429257240659,0.217720926972141,0.193488087920448,0.168789119117398,0.143683522542215,0.118231779776036,0.092495206296497,0.066535803763366,0.040416110651121,0.014199051588284,-0.012052214233519,-0.038274445215584,-0.064404469706679,-0.090379338189086,-0.116136474929500,-0.141613828729455,-0.166750022412094,-0.191484500685166,-0.215757676024025,-0.239511072223203,-0.262687465270702,-0.285231021205660,-0.307087430627247,-0.328204039530770,-0.348529976155785,-0.368016273540621,-0.386615987488078,-0.404284309658116,-0.420978675515064,-0.436658866869319,-0.451287108766486,-0.464828160490553,-0.477249400461859,-0.488520904825343,-0.498615519539725,-0.507508925793974,-0.515179698593453,-0.521609358374609,-0.526782415523856,-0.530686407693417,-0.533311929824204,-0.534652656803437,-0.534705358702388,-0.533469908557568,-0.530949282676587,-0.527149553467973,-0.522079874812207,-0.515752460009223,-0.508182552355496,-0.499388388421610,-0.489391154118760,-0.478214933660035,-0.465886651539442,-0.452436007668440,-0.437895405826250,-0.422299875596317,-0.405686987976972,-0.388096764869608,-0.369571582662410,-0.350156070141931,-0.329897000978431,-0.308843181044009,-0.287045330834985,-0.264555963281777,-0.241429257240658,-0.217720926972141,-0.193488087920447,-0.168789119117398,-0.143683522542215,-0.118231779776036,-0.092495206296497,-0.066535803763366,-0.040416110651121,-0.014199051588284,0.012052214233519,0.038274445215584,0.064404469706679,0.090379338189086,0.116136474929500,0.141613828729455,0.166750022412094,0.191484500685166,0.215757676024025,0.239511072223203,0.262687465270702,0.285231021205660,0.307087430627247,0.328204039530770,0.348529976155785,0.368016273540620,0.386615987488078,0.404284309658116,0.420978675515064,0.436658866869319,0.451287108766486,0.464828160490553,0.477249400461859,0.488520904825343,0.498615519539724,0.507508925793974,0.515179698593453,0.521609358374609,0.526782415523856,0.530686407693417,0.533311929824204,0.534652656803437,0.534706150840329
0.533316062801130,0.533476445821163,0.532349264809856,0.529939607791334,0.526253279840414,0.521299161644016,0.515089188106803,0.507638319598957,0.498964505915332,0.489088643032827,0.478034522770151,0.465828775471242,0.452500805850442,0.438082722153958,0.422609258808290,0.406117692741955,0.388647753582095,0.370241527942333,0.350943358032430,0.330799734834020,0.309859186099759,0.288172159445725,0.265790900818686,0.242769328631042,0.219162903866644,0.195028496470427,0.170424248343735,0.145409433275381,0.120044314145905,0.094389997749011,0.068508287579953,0.042461534945497,0.016312488754166,-0.009875855651378,-0.036040408255636,-0.062118136359639,-0.088046216432246,-0.113762185457529,-0.139204091413655,-0.164310642520727,-0.189021354898054,-0.213276698275116,-0.237018239405201,-0.260188782836213,-0.282732508699526,-0.304595107184940,-0.325723909377765,-0.346068014142854,-0.365578410749894,-0.384208096944551,-0.401912192181014,-0.418648045743163,-0.434375339493878,-0.449056185004966,-0.462655214833701,-0.475139667726091,-0.486479467541609,-0.496647295709250,-0.505618657040363,-0.513371938739701,-0.519888462472544,-0.525152529362440,-0.529151457811173,-0.531875614049845,-0.533318435347469,-0.533476445821163,-0.532349264809856,-0.529939607791334,-0.526253279840414,-0.521299161644016,-0.515089188106803,-0.507638319598957,-0.498964505915332,-0.489088643032827,-0.478034522770151,-0.465828775471242,-0.452500805850442,-0.438082722153958,-0.422609258808291,-0.406117692741955,-0.388647753582095,-0.370241527942333,-0.350943358032430,-0.330799734834020,-0.309859186099759,-0.288172159445725,-0.265790900818686,-0.242769328631042,-0.219162903866643,-0.195028496470427,-0.170424248343735,-0.145409433275381,-0.120044314145905,-0.094389997749011,-0.068508287579953,-0.042461534945497,-0.016312488754166,0.009875855651378,0.036040408255636,0.062118136359639,0.088046216432246,0.113762185457529,0.139204091413655,0.164310642520727,0.189021354898054,0.213276698275116,0.237018239405201,0.260188782836213,0.282732508699526,0.304595107184940,0.325723909377765,0.346068014142853,0.365578410749894,0.384208096944551,0.401912192181014,0.418648045743163,0.434375339493878,0.449056185004966,0.462655214833701,0.475139667726091,0.486479467541609,0.496647295709251,0.505618657040363,0.513371938739701,0.519888462472544,0.525152529362440,0.529151457811173,0.531875614049845,0.533318435347469,0.533478820809241
0.530694784979674,0.530961671392596,0.529945476604661,0.527652596745843,0.524088555564555,0.519261939148177,0.513184375238416,0.505870505219064,0.497337948843615,0.487607261787743,0.476701886128873,0.464648093872163,0.451474923658950,0.437214110810109,0.421900010872894,0.405569516855409,0.388261970348126,0.370019066746542,0.350884754803322,0.330905130751907,0.310128327256645,0.288604397456987,0.266385194385096,0.243524246047345,0.220076626470660,0.196098823024372,0.171648600337189,0.146784861137153,0.121567504349802,0.096057280796416,0.070315646839968,0.044404616331359,0.018386611212623,-0.007675688863002,-0.033719497531844,-0.059682072977653,-0.085500869082127,-0.111113686103990,-0.136458820523620,-0.161475213692226,-0.186102598927490,-0.210281646701276,-0.233954107569661,-0.257062952500951,-0.279552510263610,-0.301368601543137,-0.322458669464775,-0.342771906207628,-0.362259375405154,-0.380874130037155,-0.398571325529262,-0.415308327787445,-0.431044815907275,-0.445742879310517,-0.459367109075035,-0.471884683237985,-0.483265445866797,-0.493481979707463,-0.502509672235097,-0.510326774947668,-0.516914455760043,-0.522256844372134,-0.526341070501835,-0.529157294890664,-0.530698733007397,-0.530961671392596,-0.529945476604661,-0.527652596745843,-0.524088555564555,-0.519261939148177,-0.513184375238416,-0.505870505219064,-0.497337948843615,-0.487607261787743,-0.476701886128873,-0.464648093872163,-0.451474923658950,-0.437214110810109,-0.421900010872894,-0.405569516855409,-0.388261970348126,-0.370019066746541,-0.350884754803322,-0.330905130751907,-0.310128327256644,-0.288604397456987,-0.266385194385096,-0.243524246047344,-0.220076626470660,-0.196098823024372,-0.171648600337189,-0.146784861137153,-0.121567504349802,-0.096057280796416,-0.070315646839968,-0.044404616331359,-0.018386611212623,0.007675688863002,0.033719497531844,0.059682072977653,0.085500869082127,0.111113686103990,0.136458820523620,0.161475213692226,0.186102598927490,0.210281646701276,0.233954107569661,0.257062952500951,0.279552510263610,0.301368601543137,0.322458669464775,0.342771906207628,0.362259375405154,0.380874130037155,0.398571325529262,0.415308327787445,0.431044815907275,0.445742879310517,0.459367109075035,0.471884683237985,0.483265445866797,0.493481979707463,0.502509672235097,0.510326774947668,0.516914455760043,0.522256844372134,0.526341070501835,0.529157294890665,0.530698733007397,0.530965623531248
0.526794392340235,0.527167139153003,0.526264380191896,0.524093804243591,0.520660640415668,0.515973159500497,0.510042654050179,0.502883411171793,0.494512678108510,0.484950620689468,0.474220274748528,0.462347490628928,0.449360870907546,0.435291701488784,0.420173876234086,0.404043815308654,0.386940377442086,0.368904766314285,0.349980431292192,0.330212962756451,0.309649982270190,0.288341027854505,0.266337434647027,0.243692211231080,0.220459911933361,0.196696505397787,0.172459239752130,0.147806504692265,0.122797690816276,0.097493046547303,0.071953532989815,0.046240677068969,0.020416423306859,-0.005457015407264,-0.031317307693293,-0.057102153842017,-0.082749435900577,-0.108197367320059,-0.133384641804696,-0.158250581004111,-0.182735280692773,-0.206779755084526,-0.230326078934513,-0.253317527086165,-0.275698711127072,-0.297415712824518,-0.318416214019230,-0.338649622664404,-0.358067194706375,-0.376622151513317,-0.394269792569058,-0.410967603160546,-0.426675356799509,-0.441355212131595,-0.454971804099505,-0.467492329140515,-0.478886624213135,-0.489127239462510,-0.498189504349534,-0.506051587084333,-0.512694547220962,-0.518102381286597,-0.522262061335304,-0.525163566333500,-0.526799906301503,-0.527167139153003,-0.526264380191896,-0.524093804243591,-0.520660640415668,-0.515973159500497,-0.510042654050178,-0.502883411171793,-0.494512678108510,-0.484950620689468,-0.474220274748528,-0.462347490628928,-0.449360870907546,-0.435291701488784,-0.420173876234086,-0.404043815308654,-0.386940377442086,-0.368904766314285,-0.349980431292192,-0.330212962756451,-0.309649982270190,-0.288341027854504,-0.266337434647026,-0.243692211231080,-0.220459911933361,-0.196696505397786,-0.172459239752130,-0.147806504692265,-0.122797690816276,-0.097493046547302,-0.071953532989815,-0.046240677068969,-0.020416423306859,0.005457015407264,0.031317307693293,0.057102153842017,0.082749435900577,0.108197367320059,0.133384641804696,0.158250581004111,0.182735280692773,0.206779755084526,0.230326078934513,0.253317527086165,0.275698711127072,0.297415712824518,0.318416214019230,0.338649622664404,0.358067194706375,0.376622151513317,0.394269792569058,0.410967603160546,0.426675356799509,0.441355212131595,0.454971804099505,0.467492329140515,0.478886624213135,0.489127239462510,0.498189504349534,0.506051587084333,0.512694547220962,0.518102381286597,0.522262061335304,0.525163566333500,0.526799906301503,0.527172658957748
0.521624323692363,0.522102032869046,0.521314885957799,0.519271845824489,0.515977834331745,0.511440787041776,0.505671634098901,0.498684273897878,0.490495539601451,0.481125158587789,0.470595704925503,0.458932544990735,0.446163776357341,0.432320160107371,0.417435046724929,0.401544295751934,0.384686189399347,0.366901340321965,0.348232593778987,0.328724924416022,0.308425327917236,0.287382707788629,0.265647757545207,0.243272838585863,0.220311854050182,0.196820118961055,0.172854226965944,0.148471913997830,0.123731919184291,0.098693843339801,0.073418005382146,0.047965297018868,0.022397036053807,-0.003225181332855,-0.028839628975195,-0.054384599425280,-0.079798552611821,-0.105020264095593,-0.129988972564470,-0.154644526212750,-0.178927527652122,-0.202779477005180,-0.226142912836748,-0.248961550583512,-0.271180418148465,-0.292745988333498,-0.313606307791116,-0.333711122184597,-0.353011997255093,-0.371462435504002,-0.389017988209516,-0.405636362507481,-0.421277523278617,-0.435903789596621,-0.449479925504825,-0.461973224902695,-0.473353590337700,-0.483593605512703,-0.492668601334229,-0.500556715342468,-0.507238944379857,-0.512699190371351,-0.516924299106094,-0.519904091927070,-0.521631390252374,-0.522102032869046,-0.521314885957799,-0.519271845824489,-0.515977834331745,-0.511440787041776,-0.505671634098901,-0.498684273897878,-0.490495539601451,-0.481125158587789,-0.470595704925503,-0.458932544990735,-0.446163776357341,-0.432320160107371,-0.417435046724929,-0.401544295751934,-0.384686189399346,-0.366901340321965,-0.348232593778987,-0.328724924416022,-0.308425327917236,-0.287382707788629,-0.265647757545207,-0.243272838585863,-0.220311854050182,-0.196820118961055,-0.172854226965944,-0.148471913997830,-0.123731919184291,-0.098693843339801,-0.073418005382146,-0.047965297018868,-0.022397036053807,0.003225181332856,0.028839628975195,0.054384599425280,0.079798552611822,0.105020264095593,0.129988972564470,0.154644526212750,0.178927527652122,0.202779477005180,0.226142912836748,0.248961550583512,0.271180418148465,0.292745988333498,0.313606307791116,0.333711122184597,0.353011997255093,0.371462435504002,0.389017988209516,0.405636362507481,0.421277523278617,0.435903789596621,0.449479925504825,0.461973224902695,0.473353590337700,0.483593605512703,0.492668601334229,0.500556715342468,0.507238944379857,0.512699190371351,0.516924299106094,0.519904091927070,0.521631390252374,0.522109107093197
0.515197073788654,0.515778594414080,0.515108957159395,0.513198377308696,0.510051457616192,0.505675779287060,0.500081883713657,0.493283247080389,0.485296247898394,0.476140127548281,0.465836943925955,0.454411518303214,0.441891375531132,0.428306677730282,0.413690151627546,0.398077009714561,0.381504865417746,0.364013642484260,0.345645478802200,0.326444624886737,0.306457337276750,0.285731767098771,0.264317844066704,0.242267156196771,0.219632825527464,0.196469380143897,0.172832622814879,0.148779496559149,0.124367947464664,0.099656785091391,0.074705540793929,0.049574324305262,0.024323678927146,-0.000985564324009,-0.026292433264381,-0.051535961430075,-0.076655334950666,-0.101590039055147,-0.126280003857308,-0.150665749069354,-0.174688527295131,-0.198290465557747,-0.221414704720640,-0.244005536466224,-0.266008537502099,-0.287370700671536,-0.308040562652355,-0.327968327936577,-0.347105988792168,-0.365407440917864,-0.382828594512478,-0.399327480491086,-0.414864351592235,-0.429401778132572,-0.442904738178235,-0.455340701915753,-0.466679710019221,-0.476894445824937,-0.485960301139642,-0.493855435523805,-0.500560828907165,-0.506060327409736,-0.510340682257928,-0.513391581701997,-0.515205675857953,-0.515778594414080,-0.515108957159395,-0.513198377308696,-0.510051457616192,-0.505675779287059,-0.500081883713657,-0.493283247080389,-0.485296247898394,-0.476140127548281,-0.465836943925955,-0.454411518303213,-0.441891375531131,-0.428306677730282,-0.413690151627546,-0.398077009714561,-0.381504865417746,-0.364013642484260,-0.345645478802200,-0.326444624886737,-0.306457337276750,-0.285731767098771,-0.264317844066704,-0.242267156196771,-0.219632825527463,-0.196469380143897,-0.172832622814878,-0.148779496559149,-0.124367947464664,-0.099656785091391,-0.074705540793929,-0.049574324305262,-0.024323678927146,0.000985564324009,0.026292433264381,0.051535961430075,0.076655334950666,0.101590039055147,0.126280003857308,0.150665749069354,0.174688527295131,0.198290465557747,0.221414704720640,0.244005536466224,0.266008537502099,0.287370700671536,0.308040562652355,0.327968327936577,0.347105988792168,0.365407440917864,0.382828594512478,0.399327480491086,0.414864351592235,0.429401778132572,0.442904738178235,0.455340701915753,0.466679710019221,0.476894445824937,0.485960301139642,0.493855435523805,0.500560828907165,0.506060327409736,0.510340682257929,0.513391581701997,0.515205675857953,0.515787206080479
0.507528163411061,0.508212094463737,0.507661581290841,0.505888066902713,0.502895823850855,0.498692060710868,0.493286904716364,0.486693377361567,0.478927363031401,0.470007570734611,0.459955489032119,0.448795334269206,0.436553992236211,0.423260953398304,0.408948241850380,0.393650338168203,0.377404096341682,0.360248654990378,0.342225343075148,0.323377580333049,0.303750772675397,0.283392202800945,0.262350916287720,0.240677603437932,0.218424477160594,0.195645147186050,0.172394490915445,0.148728521216250,0.124704251482366,0.100379558283858,0.075813041937233,0.051063885332144,0.026191711354621,0.001256439250322,-0.023681859726183,-0.048563107028320,-0.073327361552001,-0.097914964038985,-0.122266680801261,-0.146323846420190,-0.170028505076638,-0.193323550171618,-0.216152861901092,-0.238461442453491,-0.260195548504264,-0.281302820688252,-0.301732409737985,-0.321435098984021,-0.340363422922216,-0.358471781562275,-0.375716550282132,-0.392056184923476,-0.407451321875273,-0.421864872904152,-0.435262114503206,-0.447610771543963,-0.458881095029998,-0.469045933764868,-0.478080799761727,-0.485963927237028,-0.492676325046202,-0.498201822434990,-0.502527107996207,-0.505641761738084,-0.507538280186947,-0.508212094463737,-0.507661581290841,-0.505888066902713,-0.502895823850855,-0.498692060710868,-0.493286904716363,-0.486693377361567,-0.478927363031401,-0.470007570734611,-0.459955489032119,-0.448795334269206,-0.436553992236210,-0.423260953398304,-0.408948241850380,-0.393650338168203,-0.377404096341681,-0.360248654990378,-0.342225343075147,-0.323377580333049,-0.303750772675397,-0.283392202800945,-0.262350916287720,-0.240677603437932,-0.218424477160593,-0.195645147186050,-0.172394490915445,-0.148728521216250,-0.124704251482366,-0.100379558283858,-0.075813041937233,-0.051063885332143,-0.026191711354621,-0.001256439250322,0.023681859726183,0.048563107028321,0.073327361552001,0.097914964038985,0.122266680801261,0.146323846420190,0.170028505076638,0.193323550171618,0.216152861901092,0.238461442453491,0.260195548504264,0.281302820688252,0.301732409737985,0.321435098984021,0.340363422922215,0.358471781562275,0.375716550282132,0.392056184923476,0.407451321875273,0.421864872904152,0.435262114503206,0.447610771543963,0.458881095029998,0.469045933764868,0.478080799761727,0.485963927237028,0.492676325046202,0.498201822434991,0.502527107996207,0.505641761738085,0.507538280186947,0.508222222905409
0.498636102154616,0.499420795882224,0.498990734151527,0.497358560035833,0.494528205585547,0.490506489372451,0.485303100063163,0.478930573078291,0.471404260393510,0.462742293555304,0.452965540000485,0.442097552784710,0.430164513841104,0.417195170905694,0.403220768261590,0.388274971468777,0.372393786260824,0.355615471803926,0.337980448527215,0.319531200746411,0.300312174315382,0.280369669552187,0.259751729697557,0.238508025174523,0.216689733928007,0.194349418132679,0.171540897566071,0.148319119952019,0.124740028586781,0.100860427566742,0.076737844942365,0.052430394128080,0.027996633901980,0.003495427332595,-0.021014200027398,-0.045473202338898,-0.069822655722982,-0.094003900213686,-0.117958681075007,-0.141629289141657,-0.164958699845505,-0.187890710592750,-0.210370076160893,-0.232342641789323,-0.253755473642871,-0.274556986334058,-0.294697067196815,-0.314127197012280,-0.332800566895850,-0.350672191063880,-0.367699015208382,-0.383840020218617,-0.399056320999729,-0.413311260150348,-0.426570496273474,-0.438802086707915,-0.449976564480953,-0.460067009296863,-0.469049112390267,-0.476901235088073,-0.483604460938937,-0.489142641284651,-0.493502434163675,-0.496673336453091,-0.498647709171545,-0.499420795882224,-0.498990734151527,-0.497358560035833,-0.494528205585547,-0.490506489372451,-0.485303100063163,-0.478930573078291,-0.471404260393509,-0.462742293555304,-0.452965540000485,-0.442097552784710,-0.430164513841104,-0.417195170905694,-0.403220768261590,-0.388274971468777,-0.372393786260824,-0.355615471803925,-0.337980448527214,-0.319531200746411,-0.300312174315381,-0.280369669552186,-0.259751729697557,-0.238508025174522,-0.216689733928006,-0.194349418132679,-0.171540897566071,-0.148319119952019,-0.124740028586781,-0.100860427566742,-0.076737844942364,-0.052430394128079,-0.027996633901980,-0.003495427332595,0.021014200027398,0.045473202338898,0.069822655722982,0.094003900213686,0.117958681075007,0.141629289141657,0.164958699845505,0.187890710592750,0.210370076160893,0.232342641789323,0.253755473642871,0.274556986334058,0.294697067196815,0.314127197012280,0.332800566895850,0.350672191063880,0.367699015208382,0.383840020218617,0.399056320999729,0.413311260150348,0.426570496273474,0.438802086707915,0.449976564480953,0.460067009296864,0.469049112390268,0.476901235088073,0.483604460938937,0.489142641284651,0.493502434163675,0.496673336453091,0.498647709171545,0.499432416791888
0.488542343999087,0.489425909888430,0.489117336703349,0.487630437012532,0.484968792887569,0.481138816462291,0.476149734485372,0.470013566092287,0.462745093850159,0.454361828145263,0.444883964998969,0.434334337413760,0.422738360366526,0.410123969581661,0.396521554231458,0.381963883725925,0.366486028768411,0.350125276867209,0.332921042506681,0.314914772194316,0.296149844612459,0.276671466115267,0.256526561822645,0.235763662573519,0.214432788010796,0.192585326079661,0.170273909229517,0.147552287617807,0.124475199621171,0.101098239965908,0.077477725795407,0.053670560997218,0.029734099116601,0.005726005186812,-0.018295883191011,-0.042273695183696,-0.066149666141945,-0.089866276760433,-0.113366391646848,-0.136593396966062,-0.159491336827817,-0.182005048089362,-0.204080293248301,-0.225663891105482,-0.246703844883167,-0.267149467489825,-0.286951503629769,-0.306062248463486,-0.324435662532768,-0.342027482673800,-0.358795328651003,-0.374698805254725,-0.389699599616850,-0.403761573509844,-0.416850850406916,-0.428935897093536,-0.439987599633710,-0.449979333508004,-0.458887027754342,-0.466689222957064,-0.473367122944534,-0.478904640070768,-0.483288433971979,-0.486507943704684,-0.488555413187942,-0.489425909888429,-0.489117336703349,-0.487630437012531,-0.484968792887569,-0.481138816462291,-0.476149734485372,-0.470013566092286,-0.462745093850159,-0.454361828145263,-0.444883964998969,-0.434334337413759,-0.422738360366526,-0.410123969581661,-0.396521554231458,-0.381963883725924,-0.366486028768410,-0.350125276867208,-0.332921042506681,-0.314914772194316,-0.296149844612458,-0.276671466115266,-0.256526561822644,-0.235763662573519,-0.214432788010795,-0.192585326079660,-0.170273909229517,-0.147552287617806,-0.124475199621171,-0.101098239965908,-0.077477725795407,-0.053670560997218,-0.029734099116601,-0.005726005186812,0.018295883191011,0.042273695183696,0.066149666141946,0.089866276760433,0.113366391646848,0.136593396966062,0.159491336827817,0.182005048089362,0.204080293248301,0.225663891105482,0.246703844883168,0.267149467489825,0.286951503629769,0.306062248463486,0.324435662532768,0.342027482673801,0.358795328651002,0.374698805254725,0.389699599616850,0.403761573509844,0.416850850406916,0.428935897093536,0.439987599633710,0.449979333508004,0.458887027754343,0.466689222957064,0.473367122944535,0.478904640070768,0.483288433971979,0.486507943704684,0.488555413187942,0.489438995376724
0.477271235776380,0.478251545108214,0.478065204821899,0.476727163583601,0.474240644851862,0.470611638868101,0.465848888225595,0.459963866807810,0.452970752146809,0.444886391268334,0.435730260105847,0.425524416581303,0.414293447465677,0.402064409147287,0.388866762450577,0.374732301662419,0.359695077936882,0.343791317263028,0.327059333193325,0.309539434542944,0.291273828282297,0.272306517856744,0.252683197178439,0.232451140545698,0.211659088755067,0.190357131680479,0.168596587602356,0.146429879577383,0.123910409146765,0.101092427687242,0.078030905714770,0.054781400455731,0.031399922004710,0.007942798391272,-0.015533460119198,-0.038972297163671,-0.062317246530706,-0.085512068192503,-0.108500883792051,-0.131228311258989,-0.153639598229862,-0.175680753951360,-0.197298679348772,-0.218441294946309,-0.239057666331124,-0.259098126858768,-0.278514397304493,-0.297259702172132,-0.315288882380364,-0.332558504054897,-0.349026963164477,-0.364654585748642,-0.379403723495769,-0.393238844441154,-0.406126618566625,-0.418035998095479,-0.428938292289291,-0.438807236566422,-0.447619055775690,-0.455352521472795,-0.461989003061502,-0.467512512676376,-0.471909743698953,-0.475170102814548,-0.477285735532476,-0.478251545108214,-0.478065204821899,-0.476727163583601,-0.474240644851862,-0.470611638868101,-0.465848888225595,-0.459963866807810,-0.452970752146808,-0.444886391268333,-0.435730260105847,-0.425524416581303,-0.414293447465677,-0.402064409147287,-0.388866762450577,-0.374732301662419,-0.359695077936882,-0.343791317263028,-0.327059333193324,-0.309539434542944,-0.291273828282296,-0.272306517856743,-0.252683197178439,-0.232451140545698,-0.211659088755067,-0.190357131680478,-0.168596587602356,-0.146429879577382,-0.123910409146764,-0.101092427687242,-0.078030905714770,-0.054781400455731,-0.031399922004710,-0.007942798391271,0.015533460119199,0.038972297163671,0.062317246530706,0.085512068192503,0.108500883792051,0.131228311258989,0.153639598229862,0.175680753951360,0.197298679348772,0.218441294946309,0.239057666331124,0.259098126858768,0.278514397304493,0.297259702172132,0.315288882380364,0.332558504054897,0.349026963164477,0.364654585748642,0.379403723495769,0.393238844441154,0.406126618566625,0.418035998095479,0.428938292289291,0.438807236566422,0.447619055775690,0.455352521472795,0.461989003061502,0.467512512676376,0.471909743698953,0.475170102814548,0.477285735532476,0.478266063770503
0.464849958658601,0.465924649636371,0.465860992063345,0.464675034555834,0.462369634189353,0.458950344875312,0.454425403981164,0.448805712485862,0.442104808718443,0.434338835743014,0.425526502468690,0.415689038578200,0.404850143383716,0.393035928733136,0.380274856104356,0.366597668039078,0.352037314081330,0.336628871399133,0.320409460280528,0.303418154707554,0.285695888223598,0.267285355320906,0.248230908585815,0.228578451849480,0.208375329601533,0.187670212933052,0.166512982283646,0.144954607275104,0.123047023921112,0.100843009508848,0.078396055453873,0.055760238434625,0.032990090116969,0.010140465782630,-0.012733587821979,-0.035576965098194,-0.058334634349313,-0.080951770356775,-0.103373886458909,-0.125546965814081,-0.147417591531992,-0.168933075359645,-0.190041584611968,-0.210692267041283,-0.230835373344833,-0.250422377015205,-0.269406091244937,-0.287740782603673,-0.305382281214001,-0.322288087160556,-0.338417472876039,-0.353731581257494,-0.368193519276472,-0.381768446857570,-0.394423660811221,-0.406128673618545,-0.416855286878452,-0.426577659240058,-0.435272368656764,-0.442918468812020,-0.449497539580832,-0.454993731405458,-0.459393803478385,-0.462687155640588,-0.464865853918244,-0.465924649636371,-0.465860992063345,-0.464675034555834,-0.462369634189353,-0.458950344875312,-0.454425403981164,-0.448805712485862,-0.442104808718443,-0.434338835743013,-0.425526502468690,-0.415689038578200,-0.404850143383716,-0.393035928733136,-0.380274856104356,-0.366597668039077,-0.352037314081329,-0.336628871399132,-0.320409460280528,-0.303418154707554,-0.285695888223597,-0.267285355320906,-0.248230908585814,-0.228578451849480,-0.208375329601532,-0.187670212933051,-0.166512982283645,-0.144954607275103,-0.123047023921112,-0.100843009508848,-0.078396055453872,-0.055760238434625,-0.032990090116969,-0.010140465782630,0.012733587821979,0.035576965098194,0.058334634349314,0.080951770356775,0.103373886458910,0.125546965814082,0.147417591531992,0.168933075359645,0.190041584611968,0.210692267041283,0.230835373344833,0.250422377015205,0.269406091244937,0.287740782603673,0.305382281214001,0.322288087160556,0.338417472876039,0.353731581257494,0.368193519276472,0.381768446857570,0.394423660811221,0.406128673618545,0.416855286878452,0.426577659240058,0.435272368656764,0.442918468812020,0.449497539580832,0.454993731405458,0.459393803478385,0.462687155640588,0.464865853918244,0.465940566627980
0.451308462808402,0.452474946248526,0.452534125585590,0.451503110576810,0.449384385027649,0.446183053133534,0.441906827183399,0.436566008980114,0.430173465022529,0.422744595508959,0.414297297236755,0.404851920487350,0.394431220000651,0.383060300156875,0.370766554497903,0.357579599733830,0.343531204393724,0.328655212292454,0.312987460997975,0.296565695495488,0.279429477256466,0.261620088931601,0.243180434897286,0.224154937895214,0.204589432014098,0.184531052271342,0.164028121060654,0.143130031739163,0.121887129634503,0.100350590758502,0.078572298519690,0.056604718731623,0.034500773218144,0.012313712320072,-0.009903013389533,-0.032095881872481,-0.054211428564731,-0.076196375177209,-0.097997758047870,-0.119563055735804,-0.140840315549984,-0.161778278707849,-0.182326503822203,-0.202435488418934,-0.222056788192809,-0.241143133714050,-0.259648544304530,-0.277528438809254,-0.294739742996266,-0.311240993326248,-0.326992436841815,-0.341956126935876,-0.356096014768329,-0.369378036110878,-0.381770193410741,-0.393242632875558,-0.403767716393791,-0.413320088117356,-0.421876735546082,-0.429417044966841,-0.435922851113783,-0.441378480930060,-0.445770791325587,-0.449089200839901,-0.451325715133824,-0.452474946248525,-0.452534125585590,-0.451503110576810,-0.449384385027649,-0.446183053133533,-0.441906827183399,-0.436566008980113,-0.430173465022528,-0.422744595508959,-0.414297297236754,-0.404851920487349,-0.394431220000650,-0.383060300156875,-0.370766554497902,-0.357579599733829,-0.343531204393724,-0.328655212292454,-0.312987460997975,-0.296565695495488,-0.279429477256465,-0.261620088931601,-0.243180434897286,-0.224154937895213,-0.204589432014097,-0.184531052271342,-0.164028121060653,-0.143130031739163,-0.121887129634503,-0.100350590758502,-0.078572298519689,-0.056604718731623,-0.034500773218144,-0.012313712320072,0.009903013389533,0.032095881872481,0.054211428564731,0.076196375177209,0.097997758047870,0.119563055735804,0.140840315549984,0.161778278707849,0.182326503822203,0.202435488418934,0.222056788192809,0.241143133714050,0.259648544304530,0.277528438809254,0.294739742996266,0.311240993326248,0.326992436841815,0.341956126935876,0.356096014768329,0.369378036110878,0.381770193410741,0.393242632875558,0.403767716393791,0.413320088117356,0.421876735546083,0.429417044966841,0.435922851113783,0.441378480930060,0.445770791325587,0.449089200839902,0.451325715133824,0.452492223368227
0.436679395349715,0.437934860919706,0.438116735378715,0.437243148247703,0.435316204074585,0.432340545036656,0.428323339757174,0.423274266035523,0.417205487532546,0.410131624467218,0.402069718395261,0.393039191154542,0.383061798076164,0.372161575573970,0.360364783238714,0.347699840576409,0.334197258543246,0.319889566042030,0.304811231557202,0.288998580117242,0.272489705784493,0.255324379883230,0.237543955187055,0.219191266296440,0.200310526446430,0.180947220993080,0.161147997835254,0.140960555035744,0.120433525912468,0.099616361876536,0.078559213299482,0.057312808696615,0.035928332517588,0.014457301838577,-0.007048557746874,-0.028537436739332,-0.049957566547101,-0.071257344201291,-0.092385456671895,-0.113291004485365,-0.133923624345911,-0.154233610465083,-0.174172034307375,-0.193690862463353,-0.212743072366341,-0.231282765573906,-0.249265278341226,-0.266647289219962,-0.283386923423422,-0.299443853706593,-0.314779397518001,-0.329356610189369,-0.343140373938559,-0.356097482471384,-0.368196720978480,-0.379408941334514,-0.389707132318576,-0.399066484686569,-0.407464450938856,-0.414880799639160,-0.421297664153867,-0.426699585694311,-0.431073550558348,-0.434409021481506,-0.436697963022178,-0.437934860919706,-0.438116735378715,-0.437243148247703,-0.435316204074585,-0.432340545036656,-0.428323339757174,-0.423274266035523,-0.417205487532546,-0.410131624467218,-0.402069718395261,-0.393039191154541,-0.383061798076164,-0.372161575573970,-0.360364783238714,-0.347699840576409,-0.334197258543246,-0.319889566042030,-0.304811231557202,-0.288998580117241,-0.272489705784493,-0.255324379883230,-0.237543955187054,-0.219191266296440,-0.200310526446429,-0.180947220993080,-0.161147997835253,-0.140960555035744,-0.120433525912467,-0.099616361876536,-0.078559213299482,-0.057312808696615,-0.035928332517588,-0.014457301838576,0.007048557746874,0.028537436739332,0.049957566547101,0.071257344201291,0.092385456671895,0.113291004485365,0.133923624345911,0.154233610465083,0.174172034307375,0.193690862463353,0.212743072366341,0.231282765573906,0.249265278341226,0.266647289219962,0.283386923423422,0.299443853706593,0.314779397518001,0.329356610189369,0.343140373938559,0.356097482471384,0.368196720978480,0.379408941334515,0.389707132318576,0.399066484686569,0.407464450938856,0.414880799639160,0.421297664153868,0.426699585694311,0.431073550558348,0.434409021481506,0.436697963022178,0.437953456701247
0.420998021832994,0.422339444822390,0.422643576975807,0.421929523733085,0.420199005311027,0.417456190680090,0.413707687520961,0.408962526306080,0.403232138544440,0.396530329242084,0.388873243644628,0.380279328341959,0.370769286828779,0.360366029628074,0.349094619097659,0.336982209052761,0.324057979350099,0.310353065591056,0.295900484113286,0.280735052451466,0.264893305458804,0.248413407291378,0.231335059467342,0.213699405222492,0.195548930392603,0.176927361061336,0.157879558220264,0.138451409694825,0.118689719596519,0.098642095567713,0.078356834090658,0.057882804137030,0.037269329438302,0.016566069660548,-0.004177099230034,-0.024910205122700,-0.045583300149349,-0.066146581013313,-0.086550508969859,-0.106745929169368,-0.126684189075669,-0.146317255674262,-0.165597831188058,-0.184479467021864,-0.202916675661123,-0.220865040255311,-0.238281321622033,-0.255123562413987,-0.271351188197902,-0.286925105201891,-0.301807794495778,-0.315963402377483,-0.329357826747736,-0.341958799265015,-0.353735963082811,-0.364660945981930,-0.374707428721651,-0.383851208445088,-0.392070256985985,-0.399344773936505,-0.405657234348141,-0.410992430950854,-0.415337510788722,-0.418682006183830,-0.421017859953829,-0.422339444822389,-0.422643576975807,-0.421929523733084,-0.420199005311027,-0.417456190680090,-0.413707687520960,-0.408962526306079,-0.403232138544440,-0.396530329242083,-0.388873243644628,-0.380279328341959,-0.370769286828779,-0.360366029628074,-0.349094619097659,-0.336982209052761,-0.324057979350099,-0.310353065591056,-0.295900484113286,-0.280735052451465,-0.264893305458803,-0.248413407291377,-0.231335059467342,-0.213699405222491,-0.195548930392603,-0.176927361061335,-0.157879558220264,-0.138451409694824,-0.118689719596518,-0.098642095567713,-0.078356834090658,-0.057882804137030,-0.037269329438301,-0.016566069660548,0.004177099230034,0.024910205122700,0.045583300149349,0.066146581013313,0.086550508969859,0.106745929169368,0.126684189075669,0.146317255674262,0.165597831188058,0.184479467021865,0.202916675661123,0.220865040255312,0.238281321622033,0.255123562413988,0.271351188197902,0.286925105201891,0.301807794495778,0.315963402377483,0.329357826747736,0.341958799265015,0.353735963082811,0.364660945981930,0.374707428721651,0.383851208445088,0.392070256985986,0.399344773936505,0.405657234348141,0.410992430950854,0.415337510788722,0.418682006183830,0.421017859953829,0.422359314633855
0.404302141384721,0.405726289992501,0.406151947830922,0.405599150052309,0.404069228394931,0.401565868574065,0.398095101402787,0.393665288263218,0.388287100963216,0.381973496027061,0.374739683482049,0.366603090216209,0.357583317995400,0.347702096240941,0.336983229681531,0.325452541005573,0.313137808652056,0.300068699889865,0.286276699346724,0.271795033159980,0.256658588931920,0.240903831682486,0.224568716001845,0.207692594614460,0.190316123574925,0.172481164323975,0.154230682840603,0.135608646133255,0.116659916319457,0.097430142549045,0.077965651031359,0.058313333431354,0.038520533903468,0.018634935035408,-0.001295557023380,-0.021222927971820,-0.041099171027868,-0.060876402581047,-0.080506977548266,-0.099943604154992,-0.119139457865284,-0.138048294186193,-0.156624560074806,-0.174823503679507,-0.192601282151114,-0.209915067264139,-0.226723148593736,-0.242985033999768,-0.258661547175920,-0.273714922028849,-0.288108893660015,-0.301808785730996,-0.314781594001823,-0.326996065841088,-0.338422775516269,-0.349034195082898,-0.358804760701787,-0.367710934224560,-0.375731259899112,-0.382846416058396,-0.389039261668009,-0.394294877620450,-0.398600602676550,-0.401946063967513,-0.404323201984062,-0.405726289992500,-0.406151947830922,-0.405599150052309,-0.404069228394930,-0.401565868574064,-0.398095101402787,-0.393665288263218,-0.388287100963216,-0.381973496027060,-0.374739683482049,-0.366603090216209,-0.357583317995400,-0.347702096240941,-0.336983229681531,-0.325452541005572,-0.313137808652056,-0.300068699889864,-0.286276699346724,-0.271795033159980,-0.256658588931920,-0.240903831682486,-0.224568716001845,-0.207692594614459,-0.190316123574925,-0.172481164323974,-0.154230682840602,-0.135608646133254,-0.116659916319457,-0.097430142549044,-0.077965651031358,-0.058313333431353,-0.038520533903467,-0.018634935035408,0.001295557023380,0.021222927971821,0.041099171027868,0.060876402581048,0.080506977548266,0.099943604154993,0.119139457865284,0.138048294186193,0.156624560074806,0.174823503679507,0.192601282151114,0.209915067264139,0.226723148593736,0.242985033999768,0.258661547175920,0.273714922028849,0.288108893660015,0.301808785730996,0.314781594001823,0.326996065841088,0.338422775516269,0.349034195082898,0.358804760701787,0.367710934224560,0.375731259899112,0.382846416058396,0.389039261668009,0.394294877620450,0.398600602676550,0.401946063967513,0.404323201984062,0.405747386143267
0.386631995746120,0.388135438867052,0.388681597566162,0.388291388252247,0.386965750973724,0.384707879306908,0.381523212662412,0.377419423181125,0.372406397251357,0.366496211691664,0.359703104656728,0.352043441336403,0.343535674530535,0.334200300194552,0.324059808062911,0.313138627469359,0.301463068494530,0.289061258582651,0.275963074780070,0.262200071758834,0.247805405798717,0.232813754910840,0.217261235295307,0.201185314334111,0.184624720328932,0.167619349201264,0.150210168379650,0.132439118105552,0.114349010395641,0.095983425903897,0.077386608931995,0.058603360840910,0.039678932120510,0.020658913377169,0.001589125501994,-0.017484490715705,-0.036515985263810,-0.055459509604992,-0.074269427129856,-0.092900423099531,-0.111307613812843,-0.129446654735084,-0.147273847327881,-0.164746244322799,-0.181821753185077,-0.198459237518228,-0.214618616165220,-0.230260959767501,-0.245348584549223,-0.259845143100768,-0.273715711942837,-0.286926875660171,-0.299446807402213,-0.311245345556781,-0.322294066412030,-0.332566352631666,-0.342037457378441,-0.350684563931447,-0.358486840653603,-0.365425491176886,-0.371483799684431,-0.376647171180398,-0.380903166650595,-0.384241533029154,-0.386654227899063,-0.388135438867052,-0.388681597566161,-0.388291388252247,-0.386965750973724,-0.384707879306908,-0.381523212662411,-0.377419423181124,-0.372406397251357,-0.366496211691663,-0.359703104656727,-0.352043441336403,-0.343535674530535,-0.334200300194551,-0.324059808062911,-0.313138627469359,-0.301463068494530,-0.289061258582651,-0.275963074780070,-0.262200071758834,-0.247805405798716,-0.232813754910840,-0.217261235295307,-0.201185314334111,-0.184624720328931,-0.167619349201264,-0.150210168379649,-0.132439118105552,-0.114349010395641,-0.095983425903897,-0.077386608931995,-0.058603360840909,-0.039678932120510,-0.020658913377169,-0.001589125501994,0.017484490715705,0.036515985263810,0.055459509604992,0.074269427129856,0.092900423099531,0.111307613812843,0.129446654735084,0.147273847327881,0.164746244322799,0.181821753185077,0.198459237518228,0.214618616165220,0.230260959767501,0.245348584549223,0.259845143100768,0.273715711942837,0.286926875660171,0.299446807402213,0.311245345556781,0.322294066412030,0.332566352631666,0.342037457378441,0.350684563931448,0.358486840653603,0.365425491176886,0.371483799684431,0.376647171180398,0.380903166650595,0.384241533029155,0.386654227899063,0.388157710722088
0.368030172420696,0.369609287911859,0.370274632304581,0.370047952675855,0.368929795116760,0.366922853366795,0.364031962324423,0.360264086399378,0.355628302734789,0.350135779339552,0.343799748183614,0.336635473321000,0.328660214117370,0.319893183670697,0.310355502525228,0.300070147790244,0.289061897786193,0.277357272351542,0.264984468954169,0.251973294761187,0.238355094830872,0.224162676599668,0.209430230846204,0.194193249322709,0.178488439252277,0.162353634897945,0.145827706416645,0.128950466217589,0.111762573050687,0.094305434056062,0.076621105010615,0.058752189011981,0.040741733843933,0.022633128270501,0.004469997508637,-0.013703901868751,-0.031844787346216,-0.049908955941691,-0.067852889490794,-0.085633359485903,-0.103207531217413,-0.120533066966309,-0.137568227999433,-0.154271975121752,-0.170604067543375,-0.186525159823134,-0.201996896655204,-0.216982005270394,-0.231444385229508,-0.245349195392470,-0.258662937853681,-0.271353538641404,-0.283390424986778,-0.294744598976288,-0.305388707410287,-0.315297107699243,-0.324445929638987,-0.332813132916123,-0.340378560205077,-0.347123985728855,-0.353033159166543,-0.358091844801746,-0.362287855817681,-0.365611083656282,-0.368053522370606,-0.369609287911858,-0.370274632304581,-0.370047952675855,-0.368929795116760,-0.366922853366795,-0.364031962324423,-0.360264086399378,-0.355628302734789,-0.350135779339552,-0.343799748183614,-0.336635473321000,-0.328660214117370,-0.319893183670697,-0.310355502525228,-0.300070147790244,-0.289061897786192,-0.277357272351542,-0.264984468954169,-0.251973294761187,-0.238355094830871,-0.224162676599667,-0.209430230846203,-0.194193249322709,-0.178488439252277,-0.162353634897945,-0.145827706416645,-0.128950466217588,-0.111762573050687,-0.094305434056061,-0.076621105010614,-0.058752189011980,-0.040741733843933,-0.022633128270500,-0.004469997508637,0.013703901868751,0.031844787346217,0.049908955941691,0.067852889490794,0.085633359485903,0.103207531217413,0.120533066966309,0.137568227999433,0.154271975121753,0.170604067543375,0.186525159823134,0.201996896655204,0.216982005270394,0.231444385229508,0.245349195392470,0.258662937853681,0.271353538641404,0.283390424986778,0.294744598976288,0.305388707410287,0.315297107699243,0.324445929638987,0.332813132916123,0.340378560205077,0.347123985728856,0.353033159166543,0.358091844801746,0.362287855817681,0.365611083656282,0.368053522370606,0.369632682013084
0.348541502164389,0.350192485571933,0.350975413319841,0.350912810555245,0.350004828093690,0.348253653344455,0.345663505040896,0.342240623077146,0.337993253475665,0.332931628521848,0.327067942113556,0.320416320384944,0.312992787675370,0.304815227925355,0.295903341592608,0.286278598191892,0.275964184573088,0.264984949062040,0.253367341598761,0.241139350017213,0.228330432620161,0.214971447211542,0.201094576757317,0.186733251853878,0.171922070190822,0.156696713202082,0.141093860106226,0.125151099543012,0.108906839019058,0.092400212380794,0.075670985537602,0.058759460662254,0.041706379099450,0.024552823216348,0.007340117431545,-0.009890271339070,-0.027096833579743,-0.044238117174920,-0.061272827271021,-0.078159925759361,-0.094858730140545,-0.111329011532178,-0.127531091583759,-0.143425938065311,-0.158975258899436,-0.174141594410283,-0.188888407567194,-0.203180172005604,-0.216982457613173,-0.230262013474932,-0.242986847977660,-0.255126305880475,-0.266651142166000,-0.277533592494164,-0.287747440088939,-0.297268078896840,-0.306072572865071,-0.314139711196478,-0.321450059448224,-0.327986006351059,-0.333731806236413,-0.338673616969090,-0.342799533294183,-0.346099615517878,-0.348565913453044,-0.350192485571933,-0.350975413319840,-0.350912810555245,-0.350004828093690,-0.348253653344455,-0.345663505040895,-0.342240623077146,-0.337993253475665,-0.332931628521848,-0.327067942113556,-0.320416320384944,-0.312992787675370,-0.304815227925355,-0.295903341592608,-0.286278598191892,-0.275964184573088,-0.264984949062040,-0.253367341598761,-0.241139350017213,-0.228330432620160,-0.214971447211542,-0.201094576757316,-0.186733251853877,-0.171922070190821,-0.156696713202081,-0.141093860106226,-0.125151099543012,-0.108906839019057,-0.092400212380793,-0.075670985537601,-0.058759460662253,-0.041706379099449,-0.024552823216348,-0.007340117431544,0.009890271339070,0.027096833579743,0.044238117174920,0.061272827271022,0.078159925759361,0.094858730140546,0.111329011532178,0.127531091583760,0.143425938065312,0.158975258899436,0.174141594410283,0.188888407567194,0.203180172005605,0.216982457613173,0.230262013474932,0.242986847977660,0.255126305880475,0.266651142166000,0.277533592494164,0.287747440088939,0.297268078896840,0.306072572865071,0.314139711196478,0.321450059448224,0.327986006351059,0.333731806236413,0.338673616969090,0.342799533294183,0.346099615517878,0.348565913453044,0.350216945766372
0.328212951065713,0.329931824790855,0.330830450247197,0.330932076171568,0.330236457738215,0.328745270752873,0.326462107615603,0.323392468666384,0.319543748934312,0.314925220322331,0.309548009270401,0.303425069950936,0.296571153061062,0.289002770286899,0.280738154525461,0.271797215960014,0.262201494094695,0.251974105863962,0.241139689941879,0.229724347385383,0.217755578754560,0.205262217861381,0.192274362306526,0.178823300971631,0.164941438641623,0.150662217938764,0.136020038756439,0.121050175386801,0.105788691541913,0.090272353473105,0.074538541397857,0.058625159447576,0.042570544353229,0.026413373088795,0.010192569695052,-0.006052788491850,-0.022283564981114,-0.038460658410528,-0.054545096745076,-0.070498131163978,-0.086281329409999,-0.101856668376120,-0.117186625706532,-0.132234270191281,-0.146963350736785,-0.161338383697895,-0.175324738361104,-0.188888720372967,-0.201997652912753,-0.214619955413768,-0.226725219643704,-0.238284282960734,-0.249269298568873,-0.259653802603348,-0.269412777884365,-0.278522714185685,-0.286961664872824,-0.294709299774411,-0.301746954159356,-0.308057673701819,-0.313626255325668,-0.318439283830023,-0.322485164207644,-0.325754149578325,-0.328238364669977,-0.329931824790855,-0.330830450247196,-0.330932076171567,-0.330236457738215,-0.328745270752873,-0.326462107615603,-0.323392468666383,-0.319543748934312,-0.314925220322330,-0.309548009270401,-0.303425069950936,-0.296571153061062,-0.289002770286899,-0.280738154525461,-0.271797215960014,-0.262201494094694,-0.251974105863962,-0.241139689941879,-0.229724347385383,-0.217755578754560,-0.205262217861380,-0.192274362306526,-0.178823300971630,-0.164941438641622,-0.150662217938763,-0.136020038756438,-0.121050175386800,-0.105788691541912,-0.090272353473105,-0.074538541397857,-0.058625159447576,-0.042570544353228,-0.026413373088794,-0.010192569695051,0.006052788491851,0.022283564981114,0.038460658410528,0.054545096745076,0.070498131163978,0.086281329409999,0.101856668376120,0.117186625706532,0.132234270191281,0.146963350736786,0.161338383697895,0.175324738361104,0.188888720372967,0.201997652912754,0.214619955413769,0.226725219643704,0.238284282960734,0.249269298568873,0.259653802603348,0.269412777884365,0.278522714185685,0.286961664872824,0.294709299774411,0.301746954159356,0.308057673701819,0.313626255325669,0.318439283830023,0.322485164207644,0.325754149578325,0.328238364669977,0.329957292365251
0.307093507476275,0.308876130358423,0.309888289113491,0.310153899837077,0.309672322649681,0.308444717712931,0.306474042434644,0.303765044344176,0.300324249655207,0.296159947543522,0.291282170177656,0.285702668550528,0.279434884170263,0.272493916678427,0.264896487473664,0.256660899428386,0.247806992795544,0.238356097411729,0.228330981311721,0.217755795878301,0.206656017659455,0.195058386993138,0.182990843587458,0.170482459211471,0.157563367658743,0.144264692152405,0.130618470366577,0.116657577244808,0.102415645801460,0.087926986096826,0.073226502581189,0.058349610006951,0.043332148111383,0.028210295275567,0.013020481367503,-0.002200700020636,-0.017416579729666,-0.032590501372615,-0.047685909643167,-0.062666438380596,-0.077495998179034,-0.092138863330012,-0.106559757888816,-0.120723940657333,-0.134597288878639,-0.148146380441706,-0.161338574398198,-0.174142089597375,-0.186526081249667,-0.198460715234472,-0.209917239973173,-0.220868055694199,-0.231286780923301,-0.241148316038830,-0.250428903738923,-0.259106186274927,-0.267159259313174,-0.274568722295348,-0.281316725176133,-0.287387011425533,-0.292764957192281,-0.297437606533970,-0.301393702629061,-0.304623714895549,-0.307119861950967,-0.308876130358423,-0.309888289113491,-0.310153899837076,-0.309672322649681,-0.308444717712931,-0.306474042434644,-0.303765044344176,-0.300324249655207,-0.296159947543521,-0.291282170177656,-0.285702668550528,-0.279434884170263,-0.272493916678427,-0.264896487473664,-0.256660899428385,-0.247806992795544,-0.238356097411729,-0.228330981311721,-0.217755795878301,-0.206656017659455,-0.195058386993138,-0.182990843587458,-0.170482459211470,-0.157563367658743,-0.144264692152404,-0.130618470366576,-0.116657577244808,-0.102415645801460,-0.087926986096825,-0.073226502581189,-0.058349610006950,-0.043332148111383,-0.028210295275567,-0.013020481367502,0.002200700020636,0.017416579729666,0.032590501372615,0.047685909643167,0.062666438380596,0.077495998179035,0.092138863330012,0.106559757888816,0.120723940657333,0.134597288878639,0.148146380441706,0.161338574398198,0.174142089597375,0.186526081249667,0.198460715234472,0.209917239973173,0.220868055694199,0.231286780923301,0.241148316038830,0.250428903738923,0.259106186274927,0.267159259313174,0.274568722295348,0.281316725176133,0.287387011425534,0.292764957192281,0.297437606533970,0.301393702629062,0.304623714895549,0.307119861950967,0.308902544180015
0.285234064064431,0.287076141358357,0.288199395456248,0.288628351967199,0.288361977497403,0.287400913766290,0.285747476060567,0.283405647656491,0.280381070223807,0.276681030234473,0.272314441408908,0.267291823242061,0.261625275661026,0.255328449875255,0.248416515489604,0.240906123959421,0.232815368475736,0.224163740377175,0.214972082193621,0.205262537434731,0.195058497244287,0.184384544048874,0.173266392336670,0.161730826708982,0.149805637353805,0.137519553096819,0.124902172191132,0.111983891012499,0.098795830831786,0.085369762841107,0.071738031614235,0.057933477185695,0.043989355936242,0.029939260475325,0.015817038713554,0.001656712320113,-0.012507605238418,-0.026641790880392,-0.040711794114591,-0.054683719070835,-0.068523906158110,-0.082199013153465,-0.095676095526349,-0.108922685804875,-0.121906871792796,-0.134597373448787,-0.146963618242803,-0.158975814807979,-0.170605024710646,-0.181823232165549,-0.192603411528332,-0.202919592402676,-0.212746922205266,-0.222061726037833,-0.230841563722065,-0.239065283859958,-0.246713074789386,-0.253766512312133,-0.260208604079399,-0.266023830527856,-0.271198182267636,-0.275719193832178,-0.279575973708629,-0.282759230576452,-0.285261295691034,-0.287076141358357,-0.288199395456248,-0.288628351967199,-0.288361977497403,-0.287400913766290,-0.285747476060566,-0.283405647656490,-0.280381070223807,-0.276681030234473,-0.272314441408908,-0.267291823242061,-0.261625275661025,-0.255328449875255,-0.248416515489603,-0.240906123959421,-0.232815368475736,-0.224163740377175,-0.214972082193620,-0.205262537434731,-0.195058497244287,-0.184384544048874,-0.173266392336669,-0.161730826708982,-0.149805637353805,-0.137519553096819,-0.124902172191132,-0.111983891012499,-0.098795830831786,-0.085369762841106,-0.071738031614235,-0.057933477185695,-0.043989355936241,-0.029939260475325,-0.015817038713554,-0.001656712320113,0.012507605238418,0.026641790880393,0.040711794114591,0.054683719070836,0.068523906158110,0.082199013153465,0.095676095526350,0.108922685804875,0.121906871792796,0.134597373448787,0.146963618242803,0.158975814807979,0.170605024710646,0.181823232165550,0.192603411528332,0.202919592402677,0.212746922205266,0.222061726037833,0.230841563722065,0.239065283859958,0.246713074789386,0.253766512312133,0.260208604079399,0.266023830527856,0.271198182267636,0.275719193832178,0.279575973708629,0.282759230576452,0.285261295691034,0.287103438021472
0.262687295276572,0.264584388999590,0.265816032813800,0.266407302522228,0.266356773704356,0.265664568088532,0.264332353258715,0.262363338637117,0.259762267752429,0.256535406812238,0.252690529607188,0.248236898783238,0.243185243527135,0.237547733718863,0.231337950613339,0.224570854121975,0.217262746772949,0.209431234436977,0.201095183913236,0.192274677477591,0.182990964502630,0.173266410266066,0.163124442070827,0.152589492806625,0.141686942088991,0.130443055117554,0.118884919400876,0.107040379500273,0.094937969949824,0.082606846514181,0.070076715949781,0.057377764438662,0.044540584867312,0.031596103125722,0.018575503604210,0.005510154067494,-0.007568469913003,-0.020628860786560,-0.033639554927607,-0.046569208434357,-0.059386672639008,-0.072061069147613,-0.084561864228837,-0.096858942372389,-0.108922678839925,-0.120724011033636,-0.132234508510592,-0.143426441474171,-0.154272847577566,-0.164747596878442,-0.174825454788252,-0.184482142864575,-0.193694397300011,-0.202440024966726,-0.210697956881643,-0.218448298963472,-0.225672379959286,-0.232352796425213,-0.238473454652849,-0.244019609440420,-0.248977899615255,-0.253336380222028,-0.257084551299200,-0.260213383174345,-0.262715338217423,-0.264584388999589,-0.265816032813800,-0.266407302522228,-0.266356773704355,-0.265664568088531,-0.264332353258714,-0.262363338637117,-0.259762267752429,-0.256535406812238,-0.252690529607188,-0.248236898783238,-0.243185243527135,-0.237547733718863,-0.231337950613339,-0.224570854121975,-0.217262746772948,-0.209431234436976,-0.201095183913236,-0.192274677477591,-0.182990964502630,-0.173266410266066,-0.163124442070826,-0.152589492806624,-0.141686942088990,-0.130443055117553,-0.118884919400876,-0.107040379500272,-0.094937969949823,-0.082606846514181,-0.070076715949780,-0.057377764438662,-0.044540584867312,-0.031596103125722,-0.018575503604210,-0.005510154067494,0.007568469913003,0.020628860786560,0.033639554927608,0.046569208434357,0.059386672639008,0.072061069147613,0.084561864228837,0.096858942372389,0.108922678839925,0.120724011033636,0.132234508510592,0.143426441474171,0.154272847577566,0.164747596878442,0.174825454788252,0.184482142864576,0.193694397300011,0.202440024966726,0.210697956881644,0.218448298963472,0.225672379959286,0.232352796425213,0.238473454652849,0.244019609440420,0.248977899615255,0.253336380222028,0.257084551299200,0.260213383174346,0.262715338217423,0.264612502977704
0.239507530501555,0.241455070125773,0.242792136879495,0.243544296109394,0.243709735798006,0.243288057386628,0.242280276735488,0.240688821676447,0.238517526164136,0.235771621039628,0.232457721428881,0.228583810806320,0.224159221761949,0.219194613518324,0.213701946251554,0.207694452278184,0.201186604177390,0.194194079925267,0.186733725125212,0.178823512425388,0.170482498221041,0.161730776745976,0.152589431663788,0.143080485275465,0.133226845465744,0.123052250516002,0.112581211916663,0.101838955316867,0.090851359753674,0.079644895307195,0.068246559331852,0.056683811417386,0.044984507236300,0.033176831437104,0.021289229745029,0.009350340433782,-0.002611074666563,-0.014566199459333,-0.026486233001757,-0.038342458888960,-0.050106314434297,-0.061749459479367,-0.073243844667937,-0.084561779019299,-0.095675996638266,-0.106559722401104,-0.117186736459149,-0.127531437404717,-0.137568903947143,-0.147274954950348,-0.156626207687315,-0.165600134171127,-0.174175115426862,-0.182330493573596,-0.190046621591046,-0.197304910650965,-0.204087874899257,-0.210379173580930,-0.216163650406407,-0.221427370064356,-0.226157651793072,-0.230343099929548,-0.233973631362622,-0.237040499824073,-0.239536316959152,-0.241455070125773,-0.242792136879495,-0.243544296109394,-0.243709735798005,-0.243288057386627,-0.242280276735488,-0.240688821676447,-0.238517526164136,-0.235771621039628,-0.232457721428881,-0.228583810806319,-0.224159221761949,-0.219194613518324,-0.213701946251554,-0.207694452278183,-0.201186604177389,-0.194194079925267,-0.186733725125212,-0.178823512425387,-0.170482498221041,-0.161730776745976,-0.152589431663787,-0.143080485275465,-0.133226845465744,-0.123052250516002,-0.112581211916663,-0.101838955316867,-0.090851359753674,-0.079644895307195,-0.068246559331852,-0.056683811417386,-0.044984507236300,-0.033176831437104,-0.021289229745029,-0.009350340433782,0.002611074666563,0.014566199459333,0.026486233001757,0.038342458888960,0.050106314434297,0.061749459479367,0.073243844667937,0.084561779019299,0.095675996638266,0.106559722401104,0.117186736459149,0.127531437404717,0.137568903947144,0.147274954950348,0.156626207687315,0.165600134171127,0.174175115426863,0.182330493573596,0.190046621591046,0.197304910650965,0.204087874899257,0.210379173580930,0.216163650406407,0.221427370064356,0.226157651793072,0.230343099929549,0.233973631362622,0.237040499824073,0.239536316959152,0.241483933928687
0.215750623244152,0.217743916708040,0.219183185623444,0.220094423046503,0.220475433726447,0.220325299775178,0.219644382878533,0.218434323424957,0.216698036553664,0.214439705131807,0.211664769677588,0.208379915253571,0.204593055361783,0.200313312879394,0.195550998080904,0.190317583799792,0.184625677789456,0.178488992350025,0.171922311294234,0.164941454331919,0.157563238958953,0.149805439942425,0.141686746499669,0.133226717274302,0.124445733217739,0.115364948489696,0.106006239495965,0.096392152186238,0.086545847738940,0.076491046763917,0.066251972157415,0.055853290746999,0.045320053867003,0.034677637007673,0.023951678683390,0.013168018667239,0.002352635740736,-0.008468414891332,-0.019269064370182,-0.030023292985193,-0.040705192857673,-0.051289030355206,-0.061749308086224,-0.072060826325461,-0.082198743722298,-0.092138637145748,-0.101856560521922,-0.111329102522219,-0.120533442963261,-0.129447407782722,-0.138049522458581,-0.146319063743127,-0.154236109587080,-0.161781587133549,-0.168937318666220,-0.175686065401063,-0.182011569016073,-0.187898590818993,-0.193332948458657,-0.198301550091518,-0.202792425921043,-0.206794757034007,-0.210298901464194,-0.213296417420745,-0.215780083625170,-0.217743916708039,-0.219183185623444,-0.220094423046502,-0.220475433726447,-0.220325299775177,-0.219644382878532,-0.218434323424957,-0.216698036553664,-0.214439705131807,-0.211664769677588,-0.208379915253571,-0.204593055361783,-0.200313312879393,-0.195550998080903,-0.190317583799792,-0.184625677789455,-0.178488992350025,-0.171922311294233,-0.164941454331918,-0.157563238958952,-0.149805439942425,-0.141686746499669,-0.133226717274302,-0.124445733217739,-0.115364948489696,-0.106006239495965,-0.096392152186238,-0.086545847738939,-0.076491046763916,-0.066251972157415,-0.055853290746999,-0.045320053867003,-0.034677637007673,-0.023951678683390,-0.013168018667239,-0.002352635740736,0.008468414891332,0.019269064370182,0.030023292985194,0.040705192857674,0.051289030355206,0.061749308086224,0.072060826325461,0.082198743722298,0.092138637145748,0.101856560521923,0.111329102522219,0.120533442963261,0.129447407782722,0.138049522458581,0.146319063743127,0.154236109587080,0.161781587133549,0.168937318666221,0.175686065401064,0.182011569016074,0.187898590818993,0.193332948458657,0.198301550091518,0.202792425921044,0.206794757034007,0.210298901464194,0.213296417420745,0.215780083625171,0.217773461043772
0.191473816622953,0.193508061635685,0.195046065694994,0.196114186698025,0.196709851447727,0.196831624935544,0.196479213798476,0.195653467025822,0.194356373913882,0.192591059273577,0.190361775902496,0.187673894339544,0.184533889926837,0.180949327210036,0.176928841714697,0.172482119142531,0.167619872037701,0.162353813979366,0.156696631362639,0.150661952835957,0.144264316468464,0.137519134726536,0.130442657343799,0.123051932174093,0.115364764121704,0.107399672247785,0.099175845156321,0.090713094767098,0.082031808587052,0.073152900594982,0.064097760857941,0.054888204000693,0.045546416652368,0.036094903996932,0.026556435556228,0.016953990336200,0.007310701468458,-0.002350199519464,-0.012005438670890,-0.021631755669005,-0.031205959872996,-0.040704986186334,-0.050105950622613,-0.059386205435079,-0.068523393677035,-0.077495503061682,-0.086280918991650,-0.094858476630450,-0.103207511890427,-0.111307911214349,-0.119140160030734,-0.126685389766160,-0.133925423301309,-0.140842818761244,-0.147420911534409,-0.153643854419141,-0.159496655800965,-0.164965215768707,-0.170036360082417,-0.174697871911261,-0.178938521264945,-0.182748092047738,-0.186117406669946,-0.189038348157526,-0.191503879706592,-0.193508061635685,-0.195046065694993,-0.196114186698025,-0.196709851447727,-0.196831624935544,-0.196479213798476,-0.195653467025822,-0.194356373913882,-0.192591059273576,-0.190361775902496,-0.187673894339544,-0.184533889926837,-0.180949327210036,-0.176928841714697,-0.172482119142531,-0.167619872037701,-0.162353813979365,-0.156696631362639,-0.150661952835956,-0.144264316468463,-0.137519134726536,-0.130442657343799,-0.123051932174093,-0.115364764121703,-0.107399672247785,-0.099175845156321,-0.090713094767097,-0.082031808587051,-0.073152900594981,-0.064097760857941,-0.054888204000692,-0.045546416652367,-0.036094903996932,-0.026556435556228,-0.016953990336200,-0.007310701468458,0.002350199519464,0.012005438670890,0.021631755669005,0.031205959872996,0.040704986186334,0.050105950622613,0.059386205435079,0.068523393677035,0.077495503061682,0.086280918991650,0.094858476630450,0.103207511890427,0.111307911214349,0.119140160030734,0.126685389766160,0.133925423301309,0.140842818761244,0.147420911534409,0.153643854419141,0.159496655800965,0.164965215768708,0.170036360082417,0.174697871911261,0.178938521264945,0.182748092047738,0.186117406669946,0.189038348157527,0.191503879706592,0.193538215576726
0.166735605517019,0.168805901128363,0.170438935428005,0.171661367403513,0.172470252109186,0.172863640870918,0.172840585980726,0.172401142979858,0.171546370524996,0.170278327837851,0.168600069744325,0.166515639315162,0.164030058125842,0.161149314159161,0.157880347379658,0.154231033014631,0.150210162582030,0.145827422710912,0.141093371805509,0.136019414609108,0.130617774729019,0.124901465188842,0.118884257078950,0.112580646380722,0.106005819044464,0.099175614405115,0.092106487023905,0.084815467047880,0.077320119182779,0.069638500378124,0.061789116326445,0.053790876881449,0.045663050502521,0.037425217835322,0.029097224540296,0.020699133482736,0.012251176399586,0.003773705159413,-0.004712857267026,-0.013188066007511,-0.021631503541847,-0.030022828889453,-0.038341826612576,-0.046568455517042,-0.054682896933253,-0.062665602461095,-0.070497341063750,-0.078159245396944,-0.085632857262036,-0.092900172073431,-0.099943682233208,-0.106746419308451,-0.113291994909699,-0.119564640172003,-0.125549243743506,-0.131231388190016,-0.136597384727865,-0.141634306201386,-0.146330018225568,-0.150673208418849,-0.154653413655635,-0.158261045272885,-0.161487412170042,-0.164324741746655,-0.166766198627252,-0.168805901128363,-0.170438935428005,-0.171661367403513,-0.172470252109186,-0.172863640870918,-0.172840585980726,-0.172401142979858,-0.171546370524995,-0.170278327837851,-0.168600069744324,-0.166515639315162,-0.164030058125842,-0.161149314159161,-0.157880347379657,-0.154231033014631,-0.150210162582029,-0.145827422710911,-0.141093371805509,-0.136019414609107,-0.130617774729019,-0.124901465188842,-0.118884257078949,-0.112580646380722,-0.106005819044464,-0.099175614405114,-0.092106487023905,-0.084815467047880,-0.077320119182778,-0.069638500378123,-0.061789116326445,-0.053790876881449,-0.045663050502521,-0.037425217835322,-0.029097224540295,-0.020699133482736,-0.012251176399586,-0.003773705159413,0.004712857267026,0.013188066007512,0.021631503541847,0.030022828889454,0.038341826612577,0.046568455517043,0.054682896933253,0.062665602461095,0.070497341063750,0.078159245396944,0.085632857262036,0.092900172073432,0.099943682233208,0.106746419308452,0.113291994909699,0.119564640172003,0.125549243743506,0.131231388190017,0.136597384727865,0.141634306201386,0.146330018225569,0.150673208418849,0.154653413655635,0.158261045272885,0.161487412170042,0.164324741746655,0.166766198627252,0.168836592281866
0.141595595693614,0.143696954101488,0.145421084779236,0.146794883326367,0.147815040141852,0.148479097578567,0.148785455863982,0.148733376954154,0.148322986311739,0.147555272603739,0.146432085319721,0.144956130316232,0.143130963298154,0.140960981252699,0.138451411856683,0.135608300882592,0.132438497633791,0.128949638443947,0.125150128280438,0.121049120496045,0.116656494777726,0.111982833345585,0.107039395459377,0.101838090293964,0.096391448249069,0.090712590762448,0.084815198699197,0.078713479393344,0.072422132421147,0.065956314188518,0.059331601417917,0.052563953622667,0.045669674659080,0.038665373449049,0.031567923967693,0.024394424592475,0.017162156911714,0.009888544091725,0.002591108902886,-0.004712568494255,-0.012004892901121,-0.019268296469484,-0.026485281023949,-0.033638460216590,-0.040710601412188,-0.047684667203157,-0.054543856454149,-0.061271644777467,-0.067851824341753,-0.074268542918081,-0.080506342069364,-0.086550194391080,-0.092385539713605,-0.097998320178943,-0.103375014107330,-0.108502668572152,-0.113368930604671,-0.117962076953418,-0.122271042326527,-0.126285446048993,-0.129995617070628,-0.133392617264469,-0.136468262959507,-0.139215144655866,-0.141626644874944,-0.143696954101488,-0.145421084779235,-0.146794883326367,-0.147815040141852,-0.148479097578567,-0.148785455863982,-0.148733376954154,-0.148322986311739,-0.147555272603739,-0.146432085319721,-0.144956130316232,-0.143130963298154,-0.140960981252699,-0.138451411856682,-0.135608300882592,-0.132438497633791,-0.128949638443947,-0.125150128280438,-0.121049120496045,-0.116656494777725,-0.111982833345585,-0.107039395459377,-0.101838090293963,-0.096391448249068,-0.090712590762448,-0.084815198699196,-0.078713479393344,-0.072422132421147,-0.065956314188517,-0.059331601417917,-0.052563953622666,-0.045669674659080,-0.038665373449049,-0.031567923967693,-0.024394424592474,-0.017162156911714,-0.009888544091725,-0.002591108902885,0.004712568494256,0.012004892901122,0.019268296469485,0.026485281023949,0.033638460216590,0.040710601412188,0.047684667203157,0.054543856454150,0.061271644777467,0.067851824341753,0.074268542918081,0.080506342069364,0.086550194391080,0.092385539713605,0.097998320178943,0.103375014107330,0.108502668572152,0.113368930604671,0.117962076953419,0.122271042326528,0.126285446048993,0.129995617070629,0.133392617264469,0.136468262959507,0.139215144655866,0.141626644874944,0.143728108783009
0.116114360256631,0.118241718823874,0.120052792537450,0.121574648558421,0.122803620602334,0.123736747967888,0.124371782669529,0.124707194853037,0.124742176481084,0.124476643279864,0.123911234942116,0.123047313586050,0.121886960473884,0.120432970997900,0.118688847946099,0.116658793063681,0.114347696930669,0.111761127180075,0.108905315084986,0.105787140546879,0.102414115521334,0.098794365921082,0.094936612039962,0.090850147544972,0.086544817087013,0.082030992584261,0.077319548235307,0.072421834322262,0.067349649866930,0.062115214205937,0.056731137553272,0.051210390621179,0.045566273372580,0.039812382980293,0.033962581070252,0.028030960327643,0.022031810546383,0.015979584203757,0.009888861643138,0.003774315948659,-0.002349322403531,-0.008467301032275,-0.014564881191184,-0.020627373275571,-0.026640172210992,-0.032588792638154,-0.038458903809409,-0.044236364112785,-0.049907255140365,-0.055457915218954,-0.060874972322240,-0.066145376285183,-0.071256430243006,-0.076195821219046,-0.080951649787805,-0.085512458741697,-0.089867260692474,-0.094005564540800,-0.097917400750232,-0.101593345364706,-0.105024542711670,-0.108202726736178,-0.111120240914540,-0.113770056699554,-0.116145790452899,-0.118241718823874,-0.120052792537450,-0.121574648558421,-0.122803620602333,-0.123736747967888,-0.124371782669528,-0.124707194853036,-0.124742176481083,-0.124476643279863,-0.123911234942116,-0.123047313586050,-0.121886960473884,-0.120432970997900,-0.118688847946099,-0.116658793063680,-0.114347696930668,-0.111761127180075,-0.108905315084986,-0.105787140546878,-0.102414115521334,-0.098794365921082,-0.094936612039961,-0.090850147544972,-0.086544817087013,-0.082030992584261,-0.077319548235307,-0.072421834322261,-0.067349649866930,-0.062115214205937,-0.056731137553271,-0.051210390621179,-0.045566273372580,-0.039812382980292,-0.033962581070252,-0.028030960327643,-0.022031810546382,-0.015979584203757,-0.009888861643138,-0.003774315948659,0.002349322403531,0.008467301032275,0.014564881191184,0.020627373275571,0.026640172210992,0.032588792638154,0.038458903809409,0.044236364112785,0.049907255140366,0.055457915218954,0.060874972322240,0.066145376285184,0.071256430243006,0.076195821219046,0.080951649787805,0.085512458741697,0.089867260692474,0.094005564540800,0.097917400750232,0.101593345364706,0.105024542711670,0.108202726736179,0.111120240914540,0.113770056699554,0.116145790452900,0.118273262234234
0.090353293761729,0.092501527213139,0.094395181147474,0.096061428822384,0.097496256101273,0.098696206359550,0.099658388811941,0.100380485476640,0.100860756759533,0.101098045645034,0.101091780483433,0.100841976368053,0.100349235098889,0.099614743732817,0.098640271723871,0.097428166660475,0.095981348609894,0.094303303083539,0.092398072640062,0.090270247146479,0.087924952720781,0.085367839382662,0.082605067442131,0.079643292658782,0.076489650207490,0.073151737489146,0.069637595827855,0.065955691098682,0.062114893332615,0.058124455347889,0.053993990459128,0.049733449318036,0.045353095941402,0.040863482984182,0.036275426317235,0.031599978970938,0.026848404507469,0.022032149885899,0.017162817885465,0.012252139153460,0.007311943945073,0.002354133623272,-0.002609348012625,-0.007566543500608,-0.012505510522546,-0.017414350674283,-0.022281238129929,-0.027094448131313,-0.031842385233956,-0.036513611241506,-0.041096872761361,-0.045581128315074,-0.049955574938239,-0.054209674205787,-0.058333177619967,-0.062316151299877,-0.066148999913056,-0.069822489791476,-0.073327771176260,-0.076656399537527,-0.079800355918000,-0.082752066251381,-0.085504419608937,-0.088050785330353,-0.090385028997570,-0.092501527213139,-0.094395181147474,-0.096061428822383,-0.097496256101272,-0.098696206359550,-0.099658388811941,-0.100380485476640,-0.100860756759533,-0.101098045645034,-0.101091780483433,-0.100841976368053,-0.100349235098889,-0.099614743732816,-0.098640271723870,-0.097428166660474,-0.095981348609894,-0.094303303083538,-0.092398072640061,-0.090270247146479,-0.087924952720781,-0.085367839382662,-0.082605067442131,-0.079643292658782,-0.076489650207490,-0.073151737489146,-0.069637595827855,-0.065955691098681,-0.062114893332615,-0.058124455347888,-0.053993990459128,-0.049733449318036,-0.045353095941401,-0.040863482984182,-0.036275426317235,-0.031599978970938,-0.026848404507469,-0.022032149885898,-0.017162817885465,-0.012252139153459,-0.007311943945073,-0.002354133623272,0.002609348012625,0.007566543500608,0.012505510522547,0.017414350674283,0.022281238129929,0.027094448131313,0.031842385233956,0.036513611241506,0.041096872761362,0.045581128315074,0.049955574938239,0.054209674205787,0.058333177619967,0.062316151299877,0.066148999913056,0.069822489791476,0.073327771176260,0.076656399537527,0.079800355918000,0.082752066251381,0.085504419608937,0.088050785330353,0.090385028997570,0.092533383617992
0.064374464349835,0.066538397120087,0.068510069499117,0.070316695119950,0.071953921663223,0.073417804906791,0.074704818227699,0.075811861098126,0.076736266554833,0.077475807624107,0.078028702686735,0.078393619770083,0.078569679756935,0.078556458503362,0.078353987860520,0.077962755597924,0.077383704228362,0.076618228737302,0.075668173222249,0.074535826450154,0.073223916343574,0.071735603408865,0.070074473122247,0.068244527292078,0.066250174418148,0.064096219071215,0.061787850318374,0.059330629222139,0.056730475443359,0.053993652980233,0.051126755077792,0.048136688344193,0.045030656112098,0.041816141085209,0.038500887311784,0.035092881528546,0.031600333919932,0.028031658339043,0.024395452037932,0.020700474956072,0.016955628616895,0.013169934683243,0.009352513223388,0.005512560739995,0.001659328014937,-0.002197902176650,-0.006049837429380,-0.009887198093839,-0.013700739632074,-0.017481274888492,-0.021219696222525,-0.024906997449732,-0.028534295538487,-0.032092852009981,-0.035574093989981,-0.038969634861637,-0.042271294469574,-0.045471118826606,-0.048561399275584,-0.051534691060232,-0.054383831260210,-0.057101956047221,-0.059682517220573,-0.062119297982370,-0.064406427914320,-0.066538397120087,-0.068510069499116,-0.070316695119949,-0.071953921663223,-0.073417804906791,-0.074704818227698,-0.075811861098126,-0.076736266554833,-0.077475807624107,-0.078028702686735,-0.078393619770083,-0.078569679756935,-0.078556458503361,-0.078353987860520,-0.077962755597924,-0.077383704228362,-0.076618228737301,-0.075668173222249,-0.074535826450154,-0.073223916343574,-0.071735603408865,-0.070074473122246,-0.068244527292078,-0.066250174418148,-0.064096219071215,-0.061787850318374,-0.059330629222139,-0.056730475443358,-0.053993652980232,-0.051126755077791,-0.048136688344193,-0.045030656112098,-0.041816141085209,-0.038500887311784,-0.035092881528546,-0.031600333919932,-0.028031658339043,-0.024395452037931,-0.020700474956071,-0.016955628616895,-0.013169934683242,-0.009352513223388,-0.005512560739995,-0.001659328014936,0.002197902176650,0.006049837429380,0.009887198093839,0.013700739632074,0.017481274888492,0.021219696222525,0.024906997449732,0.028534295538488,0.032092852009981,0.035574093989982,0.038969634861637,0.042271294469574,0.045471118826606,0.048561399275584,0.051534691060232,0.054383831260210,0.057101956047221,0.059682517220573,0.062119297982370,0.064406427914320,0.066570490031761
0.038240464255415,0.040414882958104,0.042459824035796,0.044402475678344,0.046238157867785,0.047962448284939,0.049571192963160,0.051060516295609,0.052426830371929,0.053666843621835,0.054777568744795,0.055756329906701,0.056600769186184,0.057308852255056,0.057878873279182,0.058309459027989,0.058599572182691,0.058748513835290,0.058755925172297,0.058621788339152,0.058346426483237,0.057930502975380,0.057375019811742,0.056681315199920,0.055851060335084,0.054886255373926,0.053789224616104,0.052562610904802,0.051209369259890,0.049732759759019,0.048136339683814,0.046423954950065,0.044599730842583,0.042668062077026,0.040633602212645,0.038501252441450,0.036276149780813,0.033963654697938,0.031569338196031,0.029098968393262,0.026558496626865,0.023954043115845,0.021291882216832,0.018578427308610,0.015820215341724,0.013023891090392,0.010196191144665,0.007343927681390,0.004473972053079,0.001593238234217,-0.001291333835101,-0.004172794968103,-0.007044203472534,-0.009898641873799,-0.012729233579773,-0.015529159447103,-0.018291674209131,-0.021010122725829,-0.023677956016610,-0.026288747037403,-0.028836206163961,-0.031314196344117,-0.033716747882480,-0.036038072821955,-0.038272578887441,-0.040414882958104,-0.042459824035796,-0.044402475678344,-0.046238157867785,-0.047962448284939,-0.049571192963160,-0.051060516295609,-0.052426830371929,-0.053666843621834,-0.054777568744795,-0.055756329906701,-0.056600769186184,-0.057308852255056,-0.057878873279182,-0.058309459027989,-0.058599572182691,-0.058748513835289,-0.058755925172296,-0.058621788339152,-0.058346426483236,-0.057930502975379,-0.057375019811742,-0.056681315199919,-0.055851060335084,-0.054886255373926,-0.053789224616104,-0.052562610904802,-0.051209369259889,-0.049732759759019,-0.048136339683813,-0.046423954950064,-0.044599730842582,-0.042668062077026,-0.040633602212644,-0.038501252441450,-0.036276149780812,-0.033963654697937,-0.031569338196030,-0.029098968393262,-0.026558496626865,-0.023954043115844,-0.021291882216831,-0.018578427308610,-0.015820215341723,-0.013023891090392,-0.010196191144665,-0.007343927681390,-0.004473972053078,-0.001593238234217,0.001291333835101,0.004172794968103,0.007044203472534,0.009898641873800,0.012729233579773,0.015529159447103,0.018291674209131,0.021010122725829,0.023677956016610,0.026288747037403,0.028836206163961,0.031314196344117,0.033716747882480,0.036038072821956,0.038272578887441,0.040447135319280
0.012014259049816,0.014193925037584,0.016307208541717,0.018381206552130,0.020410922625956,0.022391466999390,0.024318068367561,0.026186085379024,0.027991017817179,0.029728517441688,0.031394398463770,0.032984647630128,0.034495433891231,0.035923117630647,0.037264259433197,0.038515628370809,0.039674209786105,0.040737212554976,0.041702075810644,0.042566475113014,0.043328328048453,0.043985799246510,0.044537304801482,0.044981516088179,0.045317362962705,0.045544036340521,0.045660990145607,0.045667942626001,0.045564877032570,0.045352041659356,0.045029949245414,0.044599375739583,0.044061358431151,0.043417193450939,0.042668432648807,0.041816879855110,0.040864586535117,0.039813846846845,0.038667192114239,0.037427384728983,0.036097411495663,0.034680476436290,0.033179993071531,0.031599576197239,0.029943033176092,0.028214354765323,0.026417705502640,0.024557413673482,0.022637960883810,0.020663971263518,0.018640200326501,0.016571523514210,0.014462924450278,0.012319482934544,0.010146362705360,0.007948798999704,0.005732085941024,0.003501563785241,0.001262606055598,-0.000979393402623,-0.003219033416353,-0.005450918496629,-0.007669671836803,-0.009869948265737,-0.012046447124795,-0.014193925037584,-0.016307208541717,-0.018381206552130,-0.020410922625956,-0.022391466999390,-0.024318068367561,-0.026186085379024,-0.027991017817178,-0.029728517441688,-0.031394398463770,-0.032984647630128,-0.034495433891231,-0.035923117630647,-0.037264259433197,-0.038515628370809,-0.039674209786105,-0.040737212554976,-0.041702075810644,-0.042566475113013,-0.043328328048453,-0.043985799246510,-0.044537304801481,-0.044981516088179,-0.045317362962705,-0.045544036340521,-0.045660990145606,-0.045667942626001,-0.045564877032570,-0.045352041659355,-0.045029949245414,-0.044599375739582,-0.044061358431150,-0.043417193450939,-0.042668432648807,-0.041816879855110,-0.040864586535117,-0.039813846846845,-0.038667192114238,-0.037427384728982,-0.036097411495663,-0.034680476436290,-0.033179993071531,-0.031599576197239,-0.029943033176092,-0.028214354765323,-0.026417705502639,-0.024557413673482,-0.022637960883810,-0.020663971263518,-0.018640200326501,-0.016571523514210,-0.014462924450278,-0.012319482934544,-0.010146362705360,-0.007948798999703,-0.005732085941024,-0.003501563785241,-0.001262606055598,0.000979393402623,0.003219033416353,0.005450918496629,0.007669671836803,0.009869948265738,0.012046447124795,0.014226259406375
-0.014240964016991,-0.012061302031495,-0.009884767030361,-0.007684418759647,-0.005465558051066,-0.003233530334414,-0.000993712759962,0.001248498755567,0.003487702528239,0.005718504120033,0.007935529334521,0.010133437163772,0.012306932655310,0.014450779668122,0.016559813486975,0.018628953264669,0.020653214262245,0.022627719857656,0.024547713293975,0.026408569138843,0.028205804427538,0.029935089462831,0.031592258245603,0.033173318511107,0.034674461346678,0.036092070367741,0.037422730429996,0.038663235856801,0.039810598161927,0.040862053249085,0.041815068070873,0.042667346731110,0.043416836015854,0.044061730339770,0.044600476095946,0.045031775398667,0.045354589210134,0.045568139843601,0.045671912836888,0.045665658191763,0.045549390976215,0.045323391288150,0.044988203580612,0.044544635350146,0.043993755191473,0.043336890223146,0.042575622890408,0.041711787152942,0.040747464066705,0.039684976770474,0.038526884889210,0.037275978367691,0.035935270749294,0.034507991916104,0.032997580307845,0.031407674638378,0.029742105129720,0.028004884284703,0.026200197220507,0.024332391586340,0.022405967089575,0.020425564655561,0.018395955247224,0.016322028371401,0.014208780299590,0.012061302031495,0.009884767030361,0.007684418759648,0.005465558051067,0.003233530334414,0.000993712759962,-0.001248498755567,-0.003487702528239,-0.005718504120033,-0.007935529334521,-0.010133437163771,-0.012306932655310,-0.014450779668122,-0.016559813486975,-0.018628953264669,-0.020653214262245,-0.022627719857655,-0.024547713293975,-0.026408569138843,-0.028205804427538,-0.029935089462831,-0.031592258245603,-0.033173318511107,-0.034674461346678,-0.036092070367741,-0.037422730429996,-0.038663235856801,-0.039810598161927,-0.040862053249085,-0.041815068070873,-0.042667346731110,-0.043416836015854,-0.044061730339770,-0.044600476095946,-0.045031775398667,-0.045354589210134,-0.045568139843601,-0.045671912836888,-0.045665658191763,-0.045549390976215,-0.045323391288150,-0.044988203580611,-0.044544635350146,-0.043993755191473,-0.043336890223145,-0.042575622890407,-0.041711787152942,-0.040747464066704,-0.039684976770474,-0.038526884889209,-0.037275978367691,-0.035935270749294,-0.034507991916104,-0.032997580307845,-0.031407674638378,-0.029742105129720,-0.028004884284703,-0.026200197220507,-0.024332391586340,-0.022405967089575,-0.020425564655561,-0.018395955247224,-0.016322028371401,-0.014208780299590,-0.012028963295511
-0.040461948210736,-0.038287541503488,-0.036052998326442,-0.033731600318559,-0.031328939930968,-0.028850805382993,-0.026303166717818,-0.023692161420135,-0.021024079630402,-0.018305348991348,-0.015542519163214,-0.012742246045053,-0.009911275740080,-0.007056428303723,-0.004184581313513,-0.001302653300393,0.001582412918627,0.004463666966323,0.007334167649326,0.010186999680064,0.013015290336298,0.015812226018107,0.018571068662450,0.021285171975752,0.023947997445404,0.026553130091613,0.029094293921652,0.031565367049274,0.033960396442875,0.036273612266866,0.038499441781712,0.040632522769154,0.042667716450256,0.044600119865179,0.046425077684837,0.048138193425996,0.049735340042784,0.051212669869108,0.052566623888017,0.053793940305688,0.054891662409369,0.055857145690364,0.056688064214883,0.057382416227421,0.057938528973160,0.058355062727788,0.058631014025004,0.058765718073964,0.058758850360814,0.058610427430478,0.058320806846795,0.057890686331119,0.057321102081446,0.056613426276122,0.055769363768150,0.054790947978040,0.053680535995131,0.052440802899150,0.051074735315713,0.049585624221283,0.047977057014915,0.046252908875905,0.044417333428136,0.042474752733640,0.040429846639459,0.038287541503488,0.036052998326443,0.033731600318559,0.031328939930968,0.028850805382993,0.026303166717819,0.023692161420135,0.021024079630402,0.018305348991348,0.015542519163215,0.012742246045053,0.009911275740080,0.007056428303724,0.004184581313514,0.001302653300393,-0.001582412918627,-0.004463666966323,-0.007334167649326,-0.010186999680064,-0.013015290336298,-0.015812226018106,-0.018571068662450,-0.021285171975752,-0.023947997445404,-0.026553130091613,-0.029094293921651,-0.031565367049274,-0.033960396442875,-0.036273612266865,-0.038499441781712,-0.040632522769154,-0.042667716450256,-0.044600119865178,-0.046425077684837,-0.048138193425996,-0.049735340042784,-0.051212669869108,-0.052566623888017,-0.053793940305687,-0.054891662409369,-0.055857145690364,-0.056688064214883,-0.057382416227421,-0.057938528973160,-0.058355062727788,-0.058631014025004,-0.058765718073964,-0.058758850360814,-0.058610427430478,-0.058320806846795,-0.057890686331119,-0.057321102081445,-0.056613426276122,-0.055769363768149,-0.054790947978040,-0.053680535995131,-0.052440802899150,-0.051074735315713,-0.049585624221282,-0.047977057014915,-0.046252908875904,-0.044417333428136,-0.042474752733640,-0.040429846639459,-0.038255276052728
-0.066585519676498,-0.064421606860784,-0.062134438587938,-0.059697583010201,-0.057116910726101,-0.054398638801211,-0.051549315790691,-0.048575805963244,-0.045485272764494,-0.042285161559615,-0.038983181696796,-0.035587287934746,-0.032105661278983,-0.028546689273075,-0.024918945792314,-0.021231170388497,-0.017492247235583,-0.013711183726939,-0.009897088775739,-0.006059150870795,-0.002206615940685,0.001651234920503,0.005505107812136,0.009345718416860,0.013163814367329,0.016950197535973,0.020695746194091,0.024391436986895,0.028028366671559,0.031597773565917,0.035091058656116,0.038499806312398,0.041815804563090,0.045031064877957,0.048137841413278,0.051128649672257,0.053996284535835,0.056733837620450,0.059334713920940,0.061792647698488,0.064101717575333,0.066256360799892,0.068251386647912,0.070081988927382,0.071743757557068,0.073232689190789,0.074545196861823,0.075678118624228,0.076628725170248,0.077394726405449,0.077974276965762,0.078365980663124,0.078568893849019,0.078582527687810,0.078406849334385,0.078042282013284,0.077489703999116,0.076750446500719,0.075826290454155,0.074719462232289,0.073432628281254,0.071968888696750,0.070331769755646,0.068525215420865,0.066553577840035,0.064421606860784,0.062134438587939,0.059697583010201,0.057116910726101,0.054398638801211,0.051549315790691,0.048575805963244,0.045485272764494,0.042285161559615,0.038983181696796,0.035587287934747,0.032105661278984,0.028546689273076,0.024918945792314,0.021231170388497,0.017492247235584,0.013711183726939,0.009897088775739,0.006059150870796,0.002206615940685,-0.001651234920503,-0.005505107812136,-0.009345718416860,-0.013163814367329,-0.016950197535973,-0.020695746194091,-0.024391436986894,-0.028028366671559,-0.031597773565916,-0.035091058656115,-0.038499806312398,-0.041815804563090,-0.045031064877957,-0.048137841413278,-0.051128649672257,-0.053996284535835,-0.056733837620450,-0.059334713920940,-0.061792647698487,-0.064101717575333,-0.066256360799891,-0.068251386647912,-0.070081988927381,-0.071743757557068,-0.073232689190788,-0.074545196861822,-0.075678118624228,-0.076628725170248,-0.077394726405449,-0.077974276965762,-0.078365980663124,-0.078568893849019,-0.078582527687810,-0.078406849334385,-0.078042282013284,-0.077489703999116,-0.076750446500719,-0.075826290454155,-0.074719462232289,-0.073432628281254,-0.071968888696750,-0.070331769755646,-0.068525215420865,-0.066553577840035,-0.064389492173054
-0.092548739604457,-0.090400534010107,-0.088066250511342,-0.085519807701402,-0.082767340184060,-0.079815478894651,-0.076671335125575,-0.073342483394565,-0.069836943197015,-0.066163159686310,-0.062329983328712,-0.058346648581813,-0.054222751647918,-0.049968227355951,-0.045593325227584,-0.041108584785239,-0.036524810161461,-0.031853044070808,-0.027104541206991,-0.022290741129329,-0.017423240703848,-0.012513766165416,-0.007574144868215,-0.002616276792610,0.002347894122947,0.007306408755911,0.012247321610216,0.017158729594024,0.022028800695312,0.026845802486230,0.031598130387545,0.036274335625086,0.040863152810850,0.045353527082303,0.049734640734515,0.053995939280958,0.058127156880187,0.062118341067154,0.065959876729566,0.069642509271534,0.073157366908703,0.076495982041161,0.079650311652625,0.082612756686774,0.085376180354042,0.087933925324767,0.090279829767283,0.092408242192309,0.094314035067889,0.095992617172056,0.097439944653495,0.098652530773533,0.099627454305997,0.100362366574703,0.100855497111625,0.101105657922107,0.101112246346845,0.100875246513747,0.100395229376169,0.099673351337441,0.098711351464986,0.097511547300758,0.096076829278081,0.094410653758336,0.092517034704290,0.090400534010107,0.088066250511342,0.085519807701403,0.082767340184060,0.079815478894651,0.076671335125575,0.073342483394565,0.069836943197015,0.066163159686310,0.062329983328712,0.058346648581813,0.054222751647918,0.049968227355951,0.045593325227584,0.041108584785240,0.036524810161461,0.031853044070808,0.027104541206991,0.022290741129329,0.017423240703848,0.012513766165416,0.007574144868216,0.002616276792610,-0.002347894122947,-0.007306408755911,-0.012247321610216,-0.017158729594024,-0.022028800695312,-0.026845802486230,-0.031598130387544,-0.036274335625086,-0.040863152810850,-0.045353527082303,-0.049734640734515,-0.053995939280957,-0.058127156880187,-0.062118341067154,-0.065959876729566,-0.069642509271534,-0.073157366908703,-0.076495982041161,-0.079650311652625,-0.082612756686774,-0.085376180354042,-0.087933925324767,-0.090279829767282,-0.092408242192309,-0.094314035067889,-0.095992617172056,-0.097439944653495,-0.098652530773533,-0.099627454305997,-0.100362366574703,-0.100855497111625,-0.101105657922107,-0.101112246346845,-0.100875246513747,-0.100395229376169,-0.099673351337441,-0.098711351464986,-0.097511547300758,-0.096076829278081,-0.094410653758336,-0.092517034704290,-0.090368647202389
-0.118289055831087,-0.116161732944655,-0.113785957604977,-0.111136061926955,-0.108218429741382,-0.105040089879747,-0.101608699241166,-0.097932524346242,-0.094020421422293,-0.089881815067921,-0.085526675548332,-0.080965494776096,-0.076209261035205,-0.071269432509337,-0.066157909678089,-0.060887006647677,-0.055469421485180,-0.049918205627778,-0.044246732440699,-0.038468664999615,-0.032597923175090,-0.026648650098395,-0.020635178089467,-0.014571994129093,-0.008473704958507,-0.002355001890466,0.003769374583402,0.009884670303741,0.015976152987523,0.022029147719413,0.028029072304921,0.033961472400190,0.039812056333773,0.045566729536523,0.051211628496646,0.056733154158112,0.062118004681973,0.067353207491661,0.072426150525058,0.077324612618058,0.082036792946424,0.086551339455009,0.090857376205844,0.094944529579234,0.098802953264708,0.102423351981651,0.105797003872444,0.108915781514185,0.111772171498363,0.114359292531315,0.116670912011869,0.118701461046221,0.120446047863892,0.121900469602432,0.123061222432479,0.123925509998796,0.124491250156934,0.124757079989297,0.124722359088537,0.124387171100345,0.123752323521942,0.122819345756751,0.121590485429928,0.120068702973636,0.118257664495104,0.116161732944655,0.113785957604977,0.111136061926955,0.108218429741382,0.105040089879747,0.101608699241166,0.097932524346243,0.094020421422293,0.089881815067921,0.085526675548333,0.080965494776097,0.076209261035205,0.071269432509337,0.066157909678089,0.060887006647678,0.055469421485180,0.049918205627778,0.044246732440699,0.038468664999615,0.032597923175090,0.026648650098395,0.020635178089467,0.014571994129093,0.008473704958507,0.002355001890466,-0.003769374583402,-0.009884670303741,-0.015976152987523,-0.022029147719413,-0.028029072304921,-0.033961472400189,-0.039812056333772,-0.045566729536523,-0.051211628496646,-0.056733154158112,-0.062118004681973,-0.067353207491661,-0.072426150525058,-0.077324612618057,-0.082036792946424,-0.086551339455009,-0.090857376205844,-0.094944529579233,-0.098802953264708,-0.102423351981651,-0.105797003872444,-0.108915781514185,-0.111772171498363,-0.114359292531315,-0.116670912011869,-0.118701461046221,-0.120446047863892,-0.121900469602432,-0.123061222432479,-0.123925509998796,-0.124491250156934,-0.124757079989297,-0.124722359088537,-0.124387171100344,-0.123752323521942,-0.122819345756751,-0.121590485429928,-0.120068702973636,-0.118257664495104,-0.116130150587723
-0.143744453510444,-0.141643138506592,-0.139231594678080,-0.136484629742740,-0.133408861379709,-0.130011699384377,-0.126301327817549,-0.122286685289318,-0.117977443425177,-0.113383983566221,-0.108517371759590,-0.103389332099391,-0.098012218482329,-0.092398984846086,-0.086563153962154,-0.080518784858290,-0.074280438949090,-0.067863144956263,-0.061282362703128,-0.054553945870539,-0.047694103803988,-0.040719362463862,-0.033646524612966,-0.026492629337189,-0.019274910996859,-0.012010757707655,-0.004717669451115,0.002586784084351,0.009885005830383,0.017159413731546,0.024392483102042,0.031566788844215,0.038665047427140,0.045670158524153,0.052565246209049,0.059333699611656,0.065959212934879,0.072425824736798,0.078717956383173,0.084820449577742,0.090718602879884,0.096398207121678,0.101845579639030,0.107047597234412,0.111991727791794,0.116666060467609,0.121059334385018,0.125160965762347,0.128961073410350,0.132450502536850,0.135620846801446,0.138464468567114,0.140974517299949,0.143144946072698,0.144970526132342,0.146446859496615,0.147570389549131,0.148338409607583,0.148749069444380,0.148801379744006,0.148495214486368,0.147831311250387,0.146811269437110,0.145437546416611,0.143713451607969,0.141643138506592,0.139231594678080,0.136484629742740,0.133408861379709,0.130011699384377,0.126301327817549,0.122286685289318,0.117977443425177,0.113383983566221,0.108517371759590,0.103389332099391,0.098012218482329,0.092398984846086,0.086563153962154,0.080518784858290,0.074280438949090,0.067863144956264,0.061282362703128,0.054553945870540,0.047694103803988,0.040719362463862,0.033646524612966,0.026492629337189,0.019274910996860,0.012010757707656,0.004717669451116,-0.002586784084351,-0.009885005830383,-0.017159413731545,-0.024392483102041,-0.031566788844215,-0.038665047427139,-0.045670158524153,-0.052565246209049,-0.059333699611655,-0.065959212934879,-0.072425824736798,-0.078717956383173,-0.084820449577742,-0.090718602879884,-0.096398207121678,-0.101845579639029,-0.107047597234411,-0.111991727791794,-0.116666060467609,-0.121059334385017,-0.125160965762347,-0.128961073410349,-0.132450502536850,-0.135620846801446,-0.138464468567114,-0.140974517299948,-0.143144946072698,-0.144970526132342,-0.146446859496615,-0.147570389549131,-0.148338409607583,-0.148749069444380,-0.148801379744006,-0.148495214486368,-0.147831311250387,-0.146811269437110,-0.145437546416610,-0.143713451607969,-0.141611936440909
-0.168853604492473,-0.166783359886605,-0.164341857099581,-0.161504440384157,-0.158277945325729,-0.154670144833501,-0.150689730414864,-0.146346291236797,-0.141650291024718,-0.136613042854461,-0.131246681898079,-0.125564136189152,-0.119579095478026,-0.113305978252002,-0.106759896999938,-0.099956621804937,-0.092912542352843,-0.085644628448043,-0.078170389131729,-0.070507830501078,-0.062675412330994,-0.054692003602887,-0.046576837047647,-0.038349462812309,-0.030029701362041,-0.021637595730901,-0.013193363236415,-0.004717346774290,0.003770034189404,0.012248332810521,0.020697124125069,0.029096054254747,0.037424889441211,0.045663564790978,0.053792232613508,0.061791310236029,0.069641527179911,0.077323971584940,0.084820135769641,0.092111960817906,0.099181880084506,0.106012861514676,0.112588448675827,0.118892800402534,0.124910728959292,0.130627736629100,0.136030050639730,0.141104656343543,0.145839328570917,0.150222661081747,0.154244094044080,0.157893939473673,0.161163404573199,0.164044612914861,0.166530623415400,0.168615447057771,0.170294061319212,0.171562422270936,0.172417474320316,0.172857157572071,0.172880412790737,0.172487183952453,0.171678418379936,0.170456064460287,0.168823066951166,0.166783359886605,0.164341857099581,0.161504440384157,0.158277945325729,0.154670144833501,0.150689730414864,0.146346291236797,0.141650291024718,0.136613042854462,0.131246681898079,0.125564136189152,0.119579095478026,0.113305978252002,0.106759896999938,0.099956621804937,0.092912542352843,0.085644628448043,0.078170389131729,0.070507830501078,0.062675412330994,0.054692003602887,0.046576837047647,0.038349462812310,0.030029701362041,0.021637595730901,0.013193363236415,0.004717346774290,-0.003770034189404,-0.012248332810521,-0.020697124125069,-0.029096054254746,-0.037424889441211,-0.045663564790978,-0.053792232613508,-0.061791310236028,-0.069641527179911,-0.077323971584940,-0.084820135769641,-0.092111960817906,-0.099181880084506,-0.106012861514676,-0.112588448675826,-0.118892800402534,-0.124910728959292,-0.130627736629100,-0.136030050639730,-0.141104656343543,-0.145839328570917,-0.150222661081747,-0.154244094044080,-0.157893939473673,-0.161163404573199,-0.164044612914861,-0.166530623415400,-0.168615447057771,-0.170294061319211,-0.171562422270936,-0.172417474320316,-0.172857157572071,-0.172880412790737,-0.172487183952453,-0.171678418379936,-0.170456064460287,-0.168823066951166,-0.166752613039940
-0.193556015048379,-0.191521828500268,-0.189056248466906,-0.186135215371616,-0.182765766238976,-0.178956018367075,-0.174715149772233,-0.170053377078349,-0.164981930904168,-0.159513028807727,-0.153659845853198,-0.147436482870995,-0.140857932487645,-0.133940043007235,-0.126699480231458,-0.119153687310240,-0.111320842719661,-0.103219816468416,-0.094870124638311,-0.086291882368311,-0.077505755395409,-0.068532910269057,-0.059394963359093,-0.050113928780012,-0.040712165357039,-0.031212322761756,-0.021637286947063,-0.012010125012913,-0.002354029635643,0.007307736805207,0.016951898268012,0.026555221123077,0.036094570124495,0.045546964144972,0.054889631539381,0.064100065003647,0.073156075796817,0.082035847195677,0.090717987053151,0.099181579333857,0.107406234502667,0.115372138644886,0.123060101199703,0.130451601191938,0.137528831850691,0.144274743507412,0.150673084670049,0.156708441174313,0.162366273317749,0.167632950887157,0.172495785994965,0.176943063645465,0.180964069957261,0.184549117973950,0.187689571000846,0.190377863411536,0.192607518874136,0.194373165953342,0.195670551050688,0.196496548651837,0.196849168856219,0.196727562170875,0.196132021556962,0.195063981723982,0.193526015673442,0.191521828500268,0.189056248466906,0.186135215371616,0.182765766238976,0.178956018367075,0.174715149772233,0.170053377078350,0.164981930904168,0.159513028807727,0.153659845853198,0.147436482870995,0.140857932487645,0.133940043007235,0.126699480231458,0.119153687310240,0.111320842719661,0.103219816468417,0.094870124638311,0.086291882368311,0.077505755395409,0.068532910269057,0.059394963359093,0.050113928780012,0.040712165357039,0.031212322761756,0.021637286947063,0.012010125012913,0.002354029635643,-0.007307736805207,-0.016951898268011,-0.026555221123077,-0.036094570124495,-0.045546964144972,-0.054889631539381,-0.064100065003647,-0.073156075796817,-0.082035847195677,-0.090717987053151,-0.099181579333857,-0.107406234502667,-0.115372138644886,-0.123060101199703,-0.130451601191937,-0.137528831850690,-0.144274743507412,-0.150673084670049,-0.156708441174313,-0.162366273317749,-0.167632950887157,-0.172495785994965,-0.176943063645465,-0.180964069957261,-0.184549117973950,-0.187689571000846,-0.190377863411536,-0.192607518874136,-0.194373165953342,-0.195670551050688,-0.196496548651837,-0.196849168856218,-0.196727562170875,-0.196132021556962,-0.195063981723982,-0.193526015673442,-0.191491610707480
-0.217792171587102,-0.215798943884889,-0.213315226328978,-0.210317613708634,-0.206813327535219,-0.202810809941063,-0.198319703341631,-0.193350827206093,-0.187916151992285,-0.182028770308815,-0.175702865373835,-0.168953676846415,-0.161797464112879,-0.154251467116510,-0.146333864825025,-0.138063731435843,-0.129460990424678,-0.120546366548137,-0.111341335915966,-0.101868074253224,-0.092149403477017,-0.082208736716499,-0.072070021908597,-0.061757684105328,-0.051296566631715,-0.040711871236038,-0.030029097376614,-0.019273980791372,-0.008472431498202,0.002349528624544,0.013165828527040,0.023950410795423,0.034677294426392,0.045320637417716,0.055854799023881,0.066254401526895,0.076494391373431,0.086550099531031,0.096397300917967,0.106012272763585,0.115371851758538,0.124453489857223,0.133235308598005,0.141696151810338,0.149815636581844,0.157574202362524,0.164953158087843,0.171934727207138,0.178502090508887,0.184639426639664,0.190331950219162,0.195565947459472,0.200328809202799,0.204609061298025,0.208396392242946,0.211681678025586,0.214457004104738,0.216715684476786,0.218452277782877,0.219662600417630,0.220343736607805,0.220494045436660,0.220113164797061,0.219202012263829,0.217762782883225,0.215798943884889,0.213315226328978,0.210317613708634,0.206813327535219,0.202810809941063,0.198319703341631,0.193350827206094,0.187916151992285,0.182028770308815,0.175702865373835,0.168953676846416,0.161797464112879,0.154251467116510,0.146333864825025,0.138063731435843,0.129460990424678,0.120546366548137,0.111341335915966,0.101868074253224,0.092149403477017,0.082208736716499,0.072070021908597,0.061757684105328,0.051296566631715,0.040711871236038,0.030029097376614,0.019273980791372,0.008472431498202,-0.002349528624544,-0.013165828527040,-0.023950410795423,-0.034677294426392,-0.045320637417716,-0.055854799023881,-0.066254401526895,-0.076494391373431,-0.086550099531031,-0.096397300917967,-0.106012272763585,-0.115371851758538,-0.124453489857223,-0.133235308598004,-0.141696151810338,-0.149815636581844,-0.157574202362524,-0.164953158087843,-0.171934727207137,-0.178502090508887,-0.184639426639664,-0.190331950219162,-0.195565947459472,-0.200328809202799,-0.204609061298024,-0.208396392242946,-0.211681678025586,-0.214457004104738,-0.216715684476786,-0.218452277782877,-0.219662600417630,-0.220343736607805,-0.220494045436660,-0.220113164797061,-0.219202012263829,-0.217762782883225,-0.215769327710297
-0.241503684011760,-0.239556217265275,-0.237060345612273,-0.233993374822656,-0.230362693497692,-0.226177048266704,-0.221446522715672,-0.216182513094992,-0.210397700864916,-0.204106022144793,-0.197322634139748,-0.190063878625638,-0.182347242580290,-0.174191316055834,-0.165615747393642,-0.156641195889752,-0.147289282024816,-0.137582535378464,-0.127544340353579,-0.117198879841218,-0.106571076961909,-0.095686535023675,-0.084571475841419,-0.073252676566274,-0.061757405177104,-0.050113354789553,-0.038348576940903,-0.026491414011463,-0.014570430945295,-0.002614346434762,0.009348036265323,0.021287898727253,0.033176476776549,0.044985129787375,0.056685409680311,0.068249129456271,0.079648431101454,0.090855852699735,0.101844394590829,0.112587584414838,0.123059540886484,0.133235036145392,0.143089556532215,0.152599361644187,0.161741541527833,0.170494071871052,0.178835867061617,0.186746830984258,0.194207905433968,0.201201116028884,0.207709615512150,0.213717724338434,0.219210968447324,0.224176114132612,0.228601199923446,0.232475565400564,0.235789876878177,0.238536149889637,0.240707768422713,0.242299500858149,0.243307512573088,0.243729375179017,0.243564072371968,0.242812002380881,0.241474977008240,0.239556217265275,0.237060345612273,0.233993374822656,0.230362693497692,0.226177048266704,0.221446522715672,0.216182513094992,0.210397700864916,0.204106022144793,0.197322634139748,0.190063878625638,0.182347242580290,0.174191316055834,0.165615747393642,0.156641195889752,0.147289282024816,0.137582535378464,0.127544340353579,0.117198879841218,0.106571076961909,0.095686535023675,0.084571475841419,0.073252676566274,0.061757405177104,0.050113354789553,0.038348576940903,0.026491414011463,0.014570430945295,0.002614346434762,-0.009348036265323,-0.021287898727253,-0.033176476776549,-0.044985129787375,-0.056685409680311,-0.068249129456271,-0.079648431101454,-0.090855852699734,-0.101844394590829,-0.112587584414838,-0.123059540886484,-0.133235036145392,-0.143089556532215,-0.152599361644187,-0.161741541527833,-0.170494071871052,-0.178835867061617,-0.186746830984258,-0.194207905433968,-0.201201116028884,-0.207709615512150,-0.213717724338434,-0.219210968447324,-0.224176114132612,-0.228601199923446,-0.232475565400564,-0.235789876878177,-0.238536149889637,-0.240707768422713,-0.242299500858149,-0.243307512573088,-0.243729375179017,-0.243564072371968,-0.242812002380881,-0.241474977008240,-0.239527273828057
-0.264633426370635,-0.262736412442493,-0.260234399404331,-0.257105458904163,-0.253357128833717,-0.248998439248446,-0.244039890613338,-0.238493428506374,-0.232372414840579,-0.225691595674015,-0.218467065685222,-0.210716229399739,-0.202457759261070,-0.193711550647136,-0.184498673940565,-0.174841323768296,-0.164762765532778,-0.154287279363578,-0.143440101624421,-0.132247364116582,-0.120736031125084,-0.108933834459380,-0.096869206644985,-0.084571212427043,-0.072069478750800,-0.059394123387706,-0.046575682379060,-0.033645036472015,-0.020633336725152,-0.007571929462851,0.005507719240749,0.018574099366278,0.031595732859536,0.044541249464875,0.057379462298900,0.070079442982401,0.082610596149522,0.094942733154686,0.107046144799678,0.118891672905714,0.130450780558039,0.141695620853860,0.152599103987974,0.163134962514478,0.173277814627350,0.183003225307441,0.192287765188576,0.201109067000953,0.209445879455851,0.217278118441847,0.224586915409201,0.231354662825845,0.237565056595465,0.243203135335506,0.248255316420445,0.252709428703529,0.256554741838135,0.259781992128111,0.262383404844835,0.264352712957217,0.265685172229521,0.266377572650652,0.266428246167348,0.265837070702668,0.264605470450089,0.262736412442493,0.260234399404331,0.257105458904163,0.253357128833717,0.248998439248446,0.244039890613338,0.238493428506374,0.232372414840580,0.225691595674015,0.218467065685223,0.210716229399739,0.202457759261071,0.193711550647136,0.184498673940565,0.174841323768296,0.164762765532778,0.154287279363578,0.143440101624421,0.132247364116582,0.120736031125084,0.108933834459380,0.096869206644985,0.084571212427043,0.072069478750800,0.059394123387706,0.046575682379060,0.033645036472015,0.020633336725152,0.007571929462851,-0.005507719240749,-0.018574099366278,-0.031595732859536,-0.044541249464875,-0.057379462298900,-0.070079442982401,-0.082610596149522,-0.094942733154686,-0.107046144799678,-0.118891672905714,-0.130450780558038,-0.141695620853860,-0.152599103987974,-0.163134962514478,-0.173277814627350,-0.183003225307440,-0.192287765188576,-0.201109067000953,-0.209445879455850,-0.217278118441847,-0.224586915409201,-0.231354662825844,-0.237565056595465,-0.243203135335506,-0.248255316420444,-0.252709428703529,-0.256554741838135,-0.259781992128111,-0.262383404844835,-0.264352712957217,-0.265685172229521,-0.266377572650652,-0.266428246167348,-0.265837070702668,-0.264605470450089,-0.262708211245521
-0.287125674463802,-0.285283683666124,-0.282781556755511,-0.279598184305935,-0.275741235340457,-0.271220001586964,-0.266045375093582,-0.260229821988777,-0.253787352449360,-0.246733486948746,-0.239085218866772,-0.230860973551155,-0.222080563929221,-0.212765142776821,-0.202937151759447,-0.192620267368289,-0.181839343881497,-0.170620353488050,-0.158990323718472,-0.146977272333149,-0.134610139825087,-0.121918719699730,-0.108933586699798,-0.095686023148050,-0.082207943585434,-0.068531817886154,-0.054690593034909,-0.040717613754712,-0.026646542176539,-0.012511276744300,0.001654129449473,0.015815550700519,0.029938870904648,0.043990065746432,0.057935284666759,0.071740932411792,0.085373749966881,0.098800894680443,0.111990019384783,0.124909350323258,0.137527763696037,0.149814860640063,0.161741040462576,0.173277571951772,0.184396662592813,0.195071525522429,0.205276444060813,0.214986833665361,0.224179301156987,0.232831701076339,0.240923189034149,0.248434271927196,0.255346854898899,0.261644284931407,0.267311390964183,0.272334520442414,0.276701572207212,0.280402025648367,0.283426966049419,0.285769106063988,0.287422803271631,0.288384073770928,0.288650601777050,0.288221745200684,0.287098537194886,0.285283683666124,0.282781556755511,0.279598184305935,0.275741235340457,0.271220001586964,0.266045375093582,0.260229821988777,0.253787352449360,0.246733486948746,0.239085218866772,0.230860973551155,0.222080563929221,0.212765142776821,0.202937151759447,0.192620267368289,0.181839343881497,0.170620353488050,0.158990323718472,0.146977272333149,0.134610139825087,0.121918719699730,0.108933586699798,0.095686023148050,0.082207943585434,0.068531817886154,0.054690593034909,0.040717613754712,0.026646542176539,0.012511276744300,-0.001654129449473,-0.015815550700519,-0.029938870904648,-0.043990065746432,-0.057935284666759,-0.071740932411792,-0.085373749966881,-0.098800894680442,-0.111990019384783,-0.124909350323258,-0.137527763696037,-0.149814860640063,-0.161741040462576,-0.173277571951772,-0.184396662592813,-0.195071525522429,-0.205276444060813,-0.214986833665361,-0.224179301156987,-0.232831701076339,-0.240923189034149,-0.248434271927196,-0.255346854898899,-0.261644284931407,-0.267311390964183,-0.272334520442414,-0.276701572207212,-0.280402025648367,-0.283426966049419,-0.285769106063988,-0.287422803271631,-0.288384073770928,-0.288650601777050,-0.288221745200684,-0.287098537194886,-0.285256292428662
-0.308926240073825,-0.307143710157833,-0.304647497166925,-0.301417361671371,-0.297461085350509,-0.292788199220523,-0.287409960673398,-0.281339326356871,-0.274590920960736,-0.267181001984682,-0.259127420572555,-0.250449578507388,-0.241168381470804,-0.231306188679402,-0.220886759019441,-0.209935193809608,-0.198477876329736,-0.186542408261177,-0.174157543191932,-0.161353117346738,-0.148159977708992,-0.134609907707663,-0.120735550648231,-0.106570331072103,-0.092148374233963,-0.077504423891050,-0.062673758602397,-0.047692106739698,-0.032595560414527,-0.017420488529285,-0.002203449161320,0.013018898508673,0.028209882511838,0.043332906437138,0.058351537595317,0.073229594788437,0.087931235473558,0.102421042110556,0.116664107486085,0.130626118808112,0.144273440368434,0.157573194574046,0.170493341152149,0.183002754337963,0.195071297859428,0.206669897538122,0.217770611331502,0.228346696647732,0.238372674770929,0.247824392241622,0.256679079044552,0.264915403463632,0.272513523471919,0.279455134532797,0.285723513697206,0.291303559890694,0.296181830293228,0.300346572724121,0.303787753954068,0.306497083876076,0.308468035477052,0.309695860561955,0.310177601192611,0.309912096813645,0.308899987048361,0.307143710157833,0.304647497166925,0.301417361671371,0.297461085350509,0.292788199220523,0.287409960673398,0.281339326356871,0.274590920960736,0.267181001984682,0.259127420572555,0.250449578507388,0.241168381470804,0.231306188679402,0.220886759019441,0.209935193809608,0.198477876329736,0.186542408261177,0.174157543191932,0.161353117346738,0.148159977708991,0.134609907707663,0.120735550648231,0.106570331072103,0.092148374233963,0.077504423891050,0.062673758602397,0.047692106739698,0.032595560414527,0.017420488529285,0.002203449161320,-0.013018898508673,-0.028209882511838,-0.043332906437138,-0.058351537595317,-0.073229594788437,-0.087931235473558,-0.102421042110555,-0.116664107486085,-0.130626118808112,-0.144273440368433,-0.157573194574046,-0.170493341152149,-0.183002754337962,-0.195071297859428,-0.206669897538122,-0.217770611331502,-0.228346696647732,-0.238372674770929,-0.247824392241622,-0.256679079044552,-0.264915403463632,-0.272513523471919,-0.279455134532797,-0.285723513697206,-0.291303559890694,-0.296181830293228,-0.300346572724121,-0.303787753954068,-0.306497083876076,-0.308468035477052,-0.309695860561955,-0.310177601192611,-0.309912096813645,-0.308899987048360,-0.307117194652487
-0.329982601497086,-0.328263826962089,-0.325779541440524,-0.322510424468712,-0.318464351635777,-0.313651070285569,-0.308082176034454,-0.301771084836460,-0.294733000663070,-0.286984878875521,-0.278545385377854,-0.269434851649118,-0.259675225763053,-0.249290019513261,-0.238304251771235,-0.226744388213705,-0.214638277564506,-0.202015084504560,-0.188905219411612,-0.175340265098958,-0.161352900729687,-0.146976823089714,-0.132246665409268,-0.117197913928411,-0.101866822407576,-0.086290324789081,-0.070505946220030,-0.054551712650943,-0.038466059227914,-0.022287737698976,-0.006055723057747,0.010190880350748,0.026412933035862,0.042571354651793,0.058627218145557,0.074541843535671,0.090276891095614,0.105794453717585,0.121057148234050,0.136028205477066,0.150671558858425,0.164951931257223,0.178834920005540,0.192287079767474,0.205276003111890,0.217770398584755,0.229740166092995,0.241156469418255,0.251991805685874,0.262220071621721,0.271816626437265,0.280758351191398,0.289023704485983,0.296592774360975,0.303447326264072,0.309570846979353,0.314948584409056,0.319567583112680,0.323416715517772,0.326486708727222,0.328770166858490,0.330261588860931,0.330957381768307,0.330855869354560,0.329957296171987,0.328263826962089,0.325779541440524,0.322510424468712,0.318464351635777,0.313651070285569,0.308082176034454,0.301771084836460,0.294733000663070,0.286984878875521,0.278545385377854,0.269434851649118,0.259675225763053,0.249290019513261,0.238304251771235,0.226744388213705,0.214638277564506,0.202015084504560,0.188905219411612,0.175340265098958,0.161352900729687,0.146976823089714,0.132246665409268,0.117197913928411,0.101866822407576,0.086290324789081,0.070505946220030,0.054551712650943,0.038466059227914,0.022287737698976,0.006055723057747,-0.010190880350748,-0.026412933035862,-0.042571354651793,-0.058627218145557,-0.074541843535671,-0.090276891095614,-0.105794453717585,-0.121057148234050,-0.136028205477066,-0.150671558858424,-0.164951931257223,-0.178834920005540,-0.192287079767474,-0.205276003111890,-0.217770398584755,-0.229740166092995,-0.241156469418255,-0.251991805685874,-0.262220071621721,-0.271816626437265,-0.280758351191398,-0.289023704485983,-0.296592774360975,-0.303447326264072,-0.309570846979352,-0.314948584409056,-0.319567583112680,-0.323416715517772,-0.326486708727222,-0.328770166858490,-0.330261588860931,-0.330957381768307,-0.330855869354560,-0.329957296171987,-0.328238250856410
-0.350244030061246,-0.348593151808768,-0.346126778576049,-0.342826555616615,-0.338700433456641,-0.333758352285816,-0.328012218010555,-0.321475873571630,-0.314165065595309,-0.306097406458360,-0.297292331858286,-0.287771053991033,-0.277556510448948,-0.266673308962112,-0.255147668116164,-0.243007354189427,-0.230281614261518,-0.217001105754565,-0.203197822576798,-0.188905018046416,-0.174157124781435,-0.158989671748493,-0.143439198670458,-0.127543167999036,-0.111339874664442,-0.094868353819561,-0.078168286800841,-0.061279905532485,-0.044243895604216,-0.027101298256128,-0.009893411506749,0.007338309337512,0.024552351551818,0.041707245000704,0.058761662043259,0.075674517095039,0.092405065606833,0.108913002221851,0.125158557874865,0.141102595599363,0.156706704811935,0.171933293846728,0.186745680517067,0.201108180486050,0.214986193233246,0.228346285410377,0.241156271385182,0.253385290779425,0.265003882814251,0.275984057283778,0.286299361985960,0.295924946448256,0.304837621794593,0.313015916609405,0.320440128664149,0.327092372381701,0.332956621924277,0.338018749801082,0.342266560902670,0.345689821880034,0.348280285797636,0.350031712001001,0.350939881151000,0.351002605388602,0.350219733605626,0.348593151808768,0.346126778576049,0.342826555616615,0.338700433456641,0.333758352285816,0.328012218010555,0.321475873571629,0.314165065595309,0.306097406458360,0.297292331858286,0.287771053991033,0.277556510448948,0.266673308962112,0.255147668116164,0.243007354189427,0.230281614261518,0.217001105754565,0.203197822576798,0.188905018046416,0.174157124781435,0.158989671748493,0.143439198670458,0.127543167999036,0.111339874664442,0.094868353819560,0.078168286800841,0.061279905532485,0.044243895604216,0.027101298256128,0.009893411506748,-0.007338309337512,-0.024552351551818,-0.041707245000704,-0.058761662043259,-0.075674517095039,-0.092405065606833,-0.108913002221851,-0.125158557874865,-0.141102595599363,-0.156706704811935,-0.171933293846728,-0.186745680517067,-0.201108180486050,-0.214986193233246,-0.228346285410377,-0.241156271385182,-0.253385290779425,-0.265003882814251,-0.275984057283778,-0.286299361985960,-0.295924946448255,-0.304837621794593,-0.313015916609405,-0.320440128664149,-0.327092372381701,-0.332956621924277,-0.338018749801082,-0.342266560902670,-0.345689821880034,-0.348280285797636,-0.350031712001001,-0.350939881151000,-0.351002605388602,-0.350219733605626,-0.348568576511896
-0.369661712323990,-0.368082707681970,-0.365640188409080,-0.362316809896014,-0.358120578452705,-0.353061603168245,-0.347152071557209,-0.340406220198861,-0.332840300439990,-0.324472539243993,-0.315323095280518,-0.305414010361472,-0.294769156340357,-0.283414177602890,-0.271376429287427,-0.258684911384043,-0.245370198871012,-0.231464368057010,-0.217000919306475,-0.202014696334295,-0.186541802264247,-0.170619512653413,-0.154286185692093,-0.137581169795566,-0.120544708810315,-0.103217845063070,-0.085642320486253,-0.067860476058003,-0.049915149799053,-0.031849573572187,-0.013707268932893,0.004468057717876,0.022632620426247,0.040742659169628,0.058754545278433,0.076624886541373,0.094310631741087,0.111769174368300,0.128958455264638,0.145837063946816,0.162364338368128,0.178500462876874,0.194206564135757,0.209444804771150,0.224178474526652,0.238372078701303,0.251991423659435,0.265003699206129,0.277377557629853,0.289083189221842,0.300092394090299,0.310378650096403,0.319917176748466,0.328684994900307,0.336660982110027,0.343825923525825,0.350162558176255,0.355655620553421,0.360291877388920,0.364060159533948,0.366951388866755,0.368958600162637,0.370076957873770,0.370303767778472,0.369638483471816,0.368082707681970,0.365640188409080,0.362316809896014,0.358120578452705,0.353061603168245,0.347152071557209,0.340406220198861,0.332840300439990,0.324472539243993,0.315323095280518,0.305414010361472,0.294769156340357,0.283414177602890,0.271376429287427,0.258684911384043,0.245370198871012,0.231464368057010,0.217000919306475,0.202014696334294,0.186541802264247,0.170619512653413,0.154286185692092,0.137581169795566,0.120544708810315,0.103217845063070,0.085642320486253,0.067860476058003,0.049915149799053,0.031849573572187,0.013707268932893,-0.004468057717876,-0.022632620426247,-0.040742659169628,-0.058754545278433,-0.076624886541373,-0.094310631741087,-0.111769174368300,-0.128958455264638,-0.145837063946816,-0.162364338368128,-0.178500462876874,-0.194206564135757,-0.209444804771150,-0.224178474526652,-0.238372078701303,-0.251991423659435,-0.265003699206129,-0.277377557629853,-0.289083189221842,-0.300092394090299,-0.310378650096403,-0.319917176748466,-0.328684994900307,-0.336660982110027,-0.343825923525825,-0.350162558176255,-0.355655620553421,-0.360291877388920,-0.364060159533948,-0.366951388866755,-0.368958600162637,-0.370076957873770,-0.370303767778472,-0.369638483471816,-0.368059192196672
-0.388188867658617,-0.386685540799708,-0.384272759694708,-0.380934231853285,-0.376678000081429,-0.371514318014281,-0.365455625414225,-0.358516518202414,-0.350713713295916,-0.342066008335194,-0.332594236398949,-0.322321215815404,-0.311271695190956,-0.299472293788613,-0.286951437399858,-0.273739289864429,-0.259867680402987,-0.245370026937733,-0.230281255585711,-0.214637716518726,-0.198477096392605,-0.181838327556733,-0.164761494262620,-0.147287736097427,-0.129459148875092,-0.111318683223836,-0.092910041114328,-0.074277570577817,-0.055466158867838,-0.036521124322884,-0.017488107190563,0.001587040323757,0.020658364518928,0.039679920904514,0.058605884885091,0.077390662155711,0.095988998542575,0.114356089024308,0.132447685671171,0.150220204242204,0.167630829183482,0.184637616774531,0.201199596174425,0.217276868124131,0.232830701067320,0.247823624458077,0.262219519030729,0.275983703814319,0.289083019682102,0.301485909234789,0.313162492825083,0.324084640540366,0.334226039970126,0.343562259594854,0.352070807643718,0.359731186279208,0.366524940978221,0.372435704990624,0.377449238768189,0.381553464268913,0.384738494054077,0.386996655107953,0.388322507322770,0.388712856604412,0.388166762567269,0.386685540799708,0.384272759694708,0.380934231853285,0.376678000081429,0.371514318014280,0.365455625414225,0.358516518202414,0.350713713295915,0.342066008335194,0.332594236398949,0.322321215815404,0.311271695190956,0.299472293788613,0.286951437399858,0.273739289864429,0.259867680402987,0.245370026937733,0.230281255585710,0.214637716518726,0.198477096392604,0.181838327556733,0.164761494262620,0.147287736097427,0.129459148875092,0.111318683223836,0.092910041114328,0.074277570577817,0.055466158867837,0.036521124322884,0.017488107190563,-0.001587040323757,-0.020658364518928,-0.039679920904514,-0.058605884885091,-0.077390662155711,-0.095988998542576,-0.114356089024308,-0.132447685671171,-0.150220204242204,-0.167630829183482,-0.184637616774531,-0.201199596174425,-0.217276868124131,-0.232830701067320,-0.247823624458077,-0.262219519030729,-0.275983703814319,-0.289083019682102,-0.301485909234789,-0.313162492825083,-0.324084640540366,-0.334226039970126,-0.343562259594854,-0.352070807643718,-0.359731186279208,-0.366524940978221,-0.372435704990624,-0.377449238768189,-0.381553464268913,-0.384738494054077,-0.386996655107953,-0.388322507322770,-0.388712856604412,-0.388166762567269,-0.386663141580189
-0.405780860943183,-0.404356833720234,-0.401979603352314,-0.398633968910665,-0.394327990321697,-0.389072041064992,-0.382878783182676,-0.375763136775452,-0.367742244058772,-0.358835428065738,-0.349064146096222,-0.338451938024352,-0.327024369588893,-0.314808970803143,-0.301835169632719,-0.288134221101011,-0.273739131993094,-0.258684581339489,-0.243006836871344,-0.226743667648291,-0.209934253069473,-0.192619088486943,-0.174839887648807,-0.156639482207160,-0.138061718532878,-0.119151352085872,-0.099953939595265,-0.080515729309243,-0.060883549578969,-0.041104696044990,-0.021226817697893,-0.001297802087712,0.018634340041373,0.038521590413122,0.058316038899474,0.077969998940234,0.097436122424183,0.116667513754815,0.135617842825944,0.154241456634986,0.172493489265038,0.190329969970806,0.207707929107977,0.224585501650861,0.240922028048902,0.256678152179095,0.271815916158338,0.286298851787293,0.300092068405475,0.313162336945908,0.325478169986856,0.337009897607786,0.347729738866798,0.357611868727351,0.366632480273041,0.374769842060539,0.382004350472553,0.388318576944649,0.393697309952195,0.398127591656255,0.401598749120156,0.404102420021531,0.405632572797882,0.406185521177146,0.405759933058245,0.404356833720233,0.401979603352314,0.398633968910665,0.394327990321697,0.389072041064992,0.382878783182676,0.375763136775451,0.367742244058771,0.358835428065738,0.349064146096222,0.338451938024352,0.327024369588893,0.314808970803143,0.301835169632719,0.288134221101011,0.273739131993094,0.258684581339489,0.243006836871344,0.226743667648291,0.209934253069473,0.192619088486942,0.174839887648807,0.156639482207160,0.138061718532878,0.119151352085872,0.099953939595265,0.080515729309242,0.060883549578968,0.041104696044990,0.021226817697893,0.001297802087711,-0.018634340041373,-0.038521590413122,-0.058316038899474,-0.077969998940234,-0.097436122424183,-0.116667513754815,-0.135617842825944,-0.154241456634986,-0.172493489265038,-0.190329969970806,-0.207707929107977,-0.224585501650861,-0.240922028048901,-0.256678152179095,-0.271815916158338,-0.286298851787293,-0.300092068405475,-0.313162336945908,-0.325478169986856,-0.337009897607786,-0.347729738866798,-0.357611868727351,-0.366632480273040,-0.374769842060539,-0.382004350472553,-0.388318576944649,-0.393697309952195,-0.398127591656255,-0.401598749120156,-0.404102420021531,-0.405632572797882,-0.406185521177146,-0.405759933058245,-0.404335604536042
-0.422395310081648,-0.421054013302444,-0.418718060598589,-0.415373379411382,-0.411028027370761,-0.405692472810401,-0.399379569548578,-0.392104525922192,-0.383884868148560,-0.374740398103215,-0.364693145615457,-0.353767315396565,-0.341989228728525,-0.329387260053759,-0.315991768618607,-0.301835025335243,-0.286951135038221,-0.271375954322941,-0.255147005163970,-0.238303384521321,-0.220885670152449,-0.202935822856880,-0.184497085388970,-0.165613878282322,-0.146331692836829,-0.126696981526150,-0.106757046089629,-0.086559923578266,-0.066154270629249,-0.045589246247856,-0.024914393379106,-0.004179519554462,0.016565423098871,0.037270458197000,0.057885705496825,0.078361501061919,0.098648516907298,0.118697879834858,0.138461289173189,0.157891133138126,0.176940603533703,0.195563808517201,0.213715883156614,0.231353097514203,0.248432961995741,0.264914329711675,0.280757495603578,0.295924292097120,0.310378181051093,0.324084341780997,0.337009754945114,0.349123282091000,0.360395740670741,0.370799974344268,0.380310918401357,0.388905660144715,0.396563494088673,0.403265971840510,0.408996946544257,0.413742611779876,0.417491534824146,0.420234684193084,0.421965451399590,0.422679666873866,0.422375610008277,0.421054013302443,0.418718060598589,0.415373379411381,0.411028027370761,0.405692472810401,0.399379569548577,0.392104525922192,0.383884868148560,0.374740398103215,0.364693145615457,0.353767315396565,0.341989228728525,0.329387260053759,0.315991768618607,0.301835025335243,0.286951135038221,0.271375954322940,0.255147005163970,0.238303384521321,0.220885670152449,0.202935822856880,0.184497085388970,0.165613878282322,0.146331692836829,0.126696981526150,0.106757046089629,0.086559923578266,0.066154270629249,0.045589246247856,0.024914393379105,0.004179519554462,-0.016565423098871,-0.037270458197000,-0.057885705496825,-0.078361501061919,-0.098648516907298,-0.118697879834858,-0.138461289173189,-0.157891133138126,-0.176940603533703,-0.195563808517201,-0.213715883156614,-0.231353097514202,-0.248432961995741,-0.264914329711675,-0.280757495603578,-0.295924292097120,-0.310378181051093,-0.324084341780997,-0.337009754945114,-0.349123282091000,-0.360395740670741,-0.370799974344268,-0.380310918401357,-0.388905660144715,-0.396563494088672,-0.403265971840510,-0.408996946544257,-0.413742611779876,-0.417491534824146,-0.420234684193084,-0.421965451399590,-0.422679666873866,-0.422375610008277,-0.421034005108824
-0.437992188098002,-0.436736853260282,-0.434447805708268,-0.431112135339170,-0.426737878075076,-0.421335571884876,-0.414918231397367,-0.407501316547878,-0.399102695333925,-0.389742600769645,-0.379443582142690,-0.368230450691022,-0.356130219830461,-0.343172040077004,-0.329387128820682,-0.314808695120126,-0.299471859699040,-0.283413570337303,-0.266672512860526,-0.249289017942514,-0.231304963945140,-0.212763676029700,-0.193709821782807,-0.174189303608263,-0.154249148144146,-0.133937392971520,-0.113302970887695,-0.092395592022833,-0.071265624083891,-0.049963971014399,-0.028541950362406,-0.007051169652011,0.014456597943685,0.035929538328687,0.057315921308799,0.078564225214196,0.099623261019639,0.120442295663319,0.140971174267246,0.161160440964747,0.180961458043977,0.200326523120427,0.219208984056149,0.237563351348840,0.255345407720039,0.272512314638425,0.289022715521588,0.304836835367658,0.319916576576775,0.334225610731536,0.347729466115338,0.360395610757765,0.372193530806949,0.383094804040115,0.393073168335208,0.402104584938637,0.410167296376748,0.417241878871474,0.423311289133928,0.428360905423167,0.432378562771258,0.435354582289744,0.437281794486936,0.438155556539848,0.437973763479161,0.436736853260282,0.434447805708268,0.431112135339169,0.426737878075076,0.421335571884875,0.414918231397367,0.407501316547878,0.399102695333924,0.389742600769644,0.379443582142690,0.368230450691022,0.356130219830461,0.343172040077004,0.329387128820682,0.314808695120126,0.299471859699040,0.283413570337303,0.266672512860525,0.249289017942514,0.231304963945140,0.212763676029700,0.193709821782807,0.174189303608263,0.154249148144146,0.133937392971519,0.113302970887695,0.092395592022833,0.071265624083891,0.049963971014399,0.028541950362406,0.007051169652011,-0.014456597943685,-0.035929538328687,-0.057315921308799,-0.078564225214196,-0.099623261019639,-0.120442295663319,-0.140971174267246,-0.161160440964747,-0.180961458043977,-0.200326523120427,-0.219208984056149,-0.237563351348840,-0.255345407720039,-0.272512314638425,-0.289022715521588,-0.304836835367658,-0.319916576576775,-0.334225610731536,-0.347729466115338,-0.360395610757765,-0.372193530806949,-0.383094804040115,-0.393073168335208,-0.402104584938637,-0.410167296376748,-0.417241878871474,-0.423311289133928,-0.428360905423167,-0.432378562771258,-0.435354582289744,-0.437281794486936,-0.438155556539848,-0.437973763479161,-0.436718114075268
-0.452533919557358,-0.451367571064016,-0.449130943154992,-0.445812319464684,-0.441419694848238,-0.435963651523103,-0.429457333575543,-0.421916415295380,-0.413359063415258,-0.403805893345389,-0.393279919509233,-0.381806499899727,-0.369413274989662,-0.356130101143367,-0.341988978690104,-0.327023974832479,-0.311271141575566,-0.294768428874466,-0.277555593209542,-0.259674101809577,-0.241167032753588,-0.222078971191959,-0.202455901936907,-0.182345098681047,-0.161795010110920,-0.140855143189867,-0.119575943891415,-0.098008675670514,-0.076205295965376,-0.054218331027462,-0.032100749381138,-0.009905834217861,0.012312944967695,0.034502061190337,0.056608058925549,0.078577682888528,0.100358006330837,0.121896558545571,0.143141451273892,0.164041503708383,0.184546365792102,0.204606639516276,0.224173997924430,0.243201301536260,0.261642711910772,0.279453802075096,0.296591663552958,0.313015009734960,0.328684275341634,0.343561711739667,0.357611477881668,0.370799726650386,0.383094686399382,0.394466737493711,0.404888483666212,0.414334818017519,0.422782983500777,0.430212627745367,0.436605852087542,0.441947254689882,0.446223967645666,0.449425687978789,0.451544702464530,0.452575906211388,0.452516814959217,0.451367571064016,0.449130943154992,0.445812319464684,0.441419694848237,0.435963651523103,0.429457333575543,0.421916415295380,0.413359063415257,0.403805893345389,0.393279919509233,0.381806499899727,0.369413274989662,0.356130101143366,0.341988978690103,0.327023974832479,0.311271141575566,0.294768428874466,0.277555593209542,0.259674101809577,0.241167032753588,0.222078971191959,0.202455901936907,0.182345098681047,0.161795010110920,0.140855143189866,0.119575943891415,0.098008675670514,0.076205295965376,0.054218331027462,0.032100749381138,0.009905834217861,-0.012312944967695,-0.034502061190337,-0.056608058925549,-0.078577682888528,-0.100358006330837,-0.121896558545571,-0.143141451273892,-0.164041503708383,-0.184546365792102,-0.204606639516276,-0.224173997924430,-0.243201301536260,-0.261642711910772,-0.279453802075096,-0.296591663552958,-0.313015009734960,-0.328684275341634,-0.343561711739667,-0.357611477881668,-0.370799726650386,-0.383094686399382,-0.394466737493711,-0.404888483666212,-0.414334818017519,-0.422782983500777,-0.430212627745367,-0.436605852087542,-0.441947254689882,-0.446223967645666,-0.449425687978789,-0.451544702464530,-0.452575906211388,-0.452516814959216,-0.451350145852576
-0.465985471081701,-0.464910918954934,-0.462732098898237,-0.459438516684749,-0.455038106842507,-0.449541470344250,-0.442961849068751,-0.435315093899970,-0.426619626540885,-0.416896395133997,-0.406168823795419,-0.394462756184132,-0.381806393242339,-0.368230225256936,-0.353766958405731,-0.338451435965400,-0.322320554370983,-0.305413174329141,-0.287770027199306,-0.269433616868269,-0.250448117354600,-0.230859266389559,-0.210714255230902,-0.190061614975005,-0.168951099641201,-0.147433566309994,-0.125560852603890,-0.103385651806032,-0.080961385917459,-0.058342076958832,-0.035582216826648,-0.012736636017495,0.010139628463422,0.032991465691244,0.055763823588505,0.078401841550407,0.100850982608823,0.123057164816632,0.144966891535864,0.166527380315785,0.187686690050450,0.208393846109371,0.228598963139869,0.248253365245259,0.267309703249346,0.285722068764741,0.303446104790185,0.320439112570449,0.336660154461379,0.352070152552265,0.366631982807950,0.380310564503881,0.393072944738651,0.404888377820421,0.415728399335990,0.425566894724050,0.434380162187463,0.442146969792957,0.448848606620720,0.454468927840638,0.458994393606612,0.462414101675227,0.464719813670215,0.465905974929422,0.465969727886481,0.464910918954934,0.462732098898237,0.459438516684749,0.455038106842506,0.449541470344249,0.442961849068751,0.435315093899970,0.426619626540884,0.416896395133996,0.406168823795419,0.394462756184131,0.381806393242339,0.368230225256936,0.353766958405730,0.338451435965399,0.322320554370983,0.305413174329141,0.287770027199305,0.269433616868269,0.250448117354599,0.230859266389558,0.210714255230901,0.190061614975004,0.168951099641201,0.147433566309993,0.125560852603890,0.103385651806032,0.080961385917459,0.058342076958832,0.035582216826648,0.012736636017495,-0.010139628463422,-0.032991465691244,-0.055763823588505,-0.078401841550407,-0.100850982608823,-0.123057164816633,-0.144966891535864,-0.166527380315785,-0.187686690050450,-0.208393846109371,-0.228598963139869,-0.248253365245259,-0.267309703249346,-0.285722068764741,-0.303446104790185,-0.320439112570449,-0.336660154461379,-0.352070152552265,-0.366631982807949,-0.380310564503881,-0.393072944738651,-0.404888377820421,-0.415728399335990,-0.425566894724050,-0.434380162187463,-0.442146969792957,-0.448848606620720,-0.454468927840639,-0.458994393606612,-0.462414101675227,-0.464719813670214,-0.465905974929422,-0.465969727886481,-0.464894849520437
-0.478314435742227,-0.477334268854160,-0.475218505596370,-0.471957899334373,-0.467560305154250,-0.462036317245565,-0.455399243379033,-0.447665072846939,-0.438852437943527,-0.428982569078175,-0.418079243629479,-0.406168728663462,-0.393279717653916,-0.379443261357307,-0.364692693008784,-0.349063548019495,-0.332593478368672,-0.315322161896710,-0.297291206717780,-0.278544050982233,-0.259125858230291,-0.239083408589129,-0.218464986075442,-0.197320262275026,-0.175700176679576,-0.153656813968987,-0.131243278534800,-0.108513566547068,-0.085522435872859,-0.062325274159751,-0.038977965402144,-0.015536755311816,0.007941884182917,0.031401390983027,0.054785249081822,0.078037124716957,0.101101002083404,0.123921318280431,0.146443097167494,0.168612081806581,0.190374865171921,0.211679018812194,0.232473219155255,0.252707371151123,0.272332728955336,0.291302013361965,0.309569525703363,0.327091257942253,0.343824998690950,0.359730434902288,0.374769248987281,0.388905211125554,0.402104266546153,0.414334617568467,0.425566800205633,0.435773755145855,0.444930892940657,0.453016153243021,0.460010057952694,0.465895758140637,0.470659074639571,0.474288532202831,0.476775387149246,0.478113648427427,0.478300092048736,0.477334268854160,0.475218505596370,0.471957899334373,0.467560305154250,0.462036317245565,0.455399243379033,0.447665072846939,0.438852437943527,0.428982569078175,0.418079243629478,0.406168728663462,0.393279717653916,0.379443261357307,0.364692693008784,0.349063548019495,0.332593478368672,0.315322161896710,0.297291206717780,0.278544050982232,0.259125858230291,0.239083408589129,0.218464986075441,0.197320262275026,0.175700176679576,0.153656813968987,0.131243278534799,0.108513566547068,0.085522435872859,0.062325274159751,0.038977965402144,0.015536755311816,-0.007941884182918,-0.031401390983027,-0.054785249081822,-0.078037124716957,-0.101101002083405,-0.123921318280431,-0.146443097167494,-0.168612081806581,-0.190374865171921,-0.211679018812194,-0.232473219155255,-0.252707371151123,-0.272332728955336,-0.291302013361965,-0.309569525703363,-0.327091257942253,-0.343824998690950,-0.359730434902288,-0.374769248987281,-0.388905211125554,-0.402104266546152,-0.414334617568467,-0.425566800205633,-0.435773755145854,-0.444930892940657,-0.453016153243021,-0.460010057952694,-0.465895758140637,-0.470659074639571,-0.474288532202831,-0.476775387149246,-0.478113648427427,-0.478300092048736,-0.477319593737442
-0.489491111124906,-0.488607690961024,-0.486560081540531,-0.483340306265977,-0.478956121858018,-0.473418090200901,-0.466739552897963,-0.458936599130537,-0.450028026897707,-0.440035297730281,-0.428982484988083,-0.416896215865120,-0.403805607242343,-0.389742195542524,-0.374739860756260,-0.358834744822098,-0.342065164557448,-0.324471519350010,-0.306096193832109,-0.286983455772406,-0.267179349430966,-0.246731584634599,-0.225689421839713,-0.204103553459557,-0.182025981741756,-0.159509893490347,-0.136609531934103,-0.113380066049848,-0.089877457655558,-0.066158326593440,-0.042279814327774,-0.018299446286117,0.005725006724485,0.029735667692436,0.053674692832379,0.077484410935942,0.101107462306726,0.124486936944846,0.147566511648098,0.170290585699490,0.192604414814238,0.214454243023545,0.235787432177434,0.256552588754668,0.276699687674239,0.296180192810173,0.314947173919306,0.332955419700353,0.350161546711892,0.366524103886872,0.382003672391870,0.396562960590505,0.410166893882264,0.422782699200285,0.434379983964541,0.444930809300233,0.454409757344985,0.462793992482699,0.470063316356556,0.476200216528627,0.481189908668866,0.485020372171865,0.487682379115534,0.489169516491983,0.489478201657013,0.488607690961024,0.486560081540531,0.483340306265977,0.478956121858018,0.473418090200901,0.466739552897963,0.458936599130537,0.450028026897707,0.440035297730281,0.428982484988083,0.416896215865120,0.403805607242342,0.389742195542524,0.374739860756260,0.358834744822098,0.342065164557448,0.324471519350010,0.306096193832108,0.286983455772406,0.267179349430965,0.246731584634599,0.225689421839713,0.204103553459556,0.182025981741756,0.159509893490347,0.136609531934103,0.113380066049848,0.089877457655558,0.066158326593440,0.042279814327773,0.018299446286117,-0.005725006724485,-0.029735667692436,-0.053674692832380,-0.077484410935942,-0.101107462306726,-0.124486936944846,-0.147566511648098,-0.170290585699490,-0.192604414814238,-0.214454243023545,-0.235787432177434,-0.256552588754668,-0.276699687674239,-0.296180192810173,-0.314947173919306,-0.332955419700353,-0.350161546711892,-0.366524103886872,-0.382003672391870,-0.396562960590505,-0.410166893882264,-0.422782699200285,-0.434379983964541,-0.444930809300233,-0.454409757344985,-0.462793992482699,-0.470063316356556,-0.476200216528627,-0.481189908668867,-0.485020372171865,-0.487682379115534,-0.489169516491983,-0.489478201657013,-0.488594445347281
-0.499488570881219,-0.498704025851608,-0.496729503119152,-0.493558315505316,-0.489198102678825,-0.483659368774287,-0.476955457086815,-0.469102517926856,-0.460119469712685,-0.450027953394269,-0.438852280318333,-0.426619373660191,-0.413358703563457,-0.399102216143893,-0.383884256528413,-0.367741486114666,-0.350712794250518,-0.332839204546209,-0.314163776044877,-0.294731499489555,-0.274589188936533,-0.253785368976190,-0.232370157833011,-0.210395146626390,-0.187913275083108,-0.164978704000891,-0.141646684770309,-0.117973426269330,-0.094015959451217,-0.069831999951961,-0.045479809048259,-0.021018053301000,0.003494336777626,0.027998308692887,0.052434830230144,0.076745031668628,0.100870347603752,0.124752658036299,0.148334428388594,0.171558848110340,0.194369967540208,0.216712832693473,0.238533617650977,0.259779754230482,0.280400058628027,0.300344854724193,0.319566093758226,0.338017470081711,0.355654532712936,0.372434792423198,0.388317824097077,0.403265364120081,0.417241402559047,0.430212269913217,0.442146718227021,0.453015996369138,0.462793919296487,0.471456931136291,0.478984161934238,0.485357477932027,0.490561525253184,0.494583766891891,0.497414512915734,0.499046943809598,0.499477126904474,0.498704025851608,0.496729503119151,0.493558315505315,0.489198102678824,0.483659368774287,0.476955457086815,0.469102517926856,0.460119469712684,0.450027953394269,0.438852280318333,0.426619373660191,0.413358703563457,0.399102216143893,0.383884256528412,0.367741486114665,0.350712794250518,0.332839204546209,0.314163776044876,0.294731499489555,0.274589188936533,0.253785368976190,0.232370157833011,0.210395146626390,0.187913275083107,0.164978704000891,0.141646684770308,0.117973426269330,0.094015959451217,0.069831999951961,0.045479809048259,0.021018053301000,-0.003494336777626,-0.027998308692887,-0.052434830230144,-0.076745031668628,-0.100870347603752,-0.124752658036299,-0.148334428388594,-0.171558848110340,-0.194369967540208,-0.216712832693473,-0.238533617650977,-0.259779754230482,-0.280400058628027,-0.300344854724193,-0.319566093758226,-0.338017470081711,-0.355654532712936,-0.372434792423198,-0.388317824097077,-0.403265364120081,-0.417241402559047,-0.430212269913217,-0.442146718227021,-0.453015996369138,-0.462793919296487,-0.471456931136291,-0.478984161934238,-0.485357477932027,-0.490561525253184,-0.494583766891891,-0.497414512915734,-0.499046943809598,-0.499477126904474,-0.498692241485356
-0.508282729591643,-0.507598949903756,-0.505702270638519,-0.502587310309028,-0.498261573127552,-0.492735480173853,-0.486022344289885,-0.478138338007992,-0.469102454589866,-0.458936462270110,-0.447664851814660,-0.435314777520378,-0.421915991797978,-0.407500773495860,-0.392103850137539,-0.375762314259996,-0.358515534054508,-0.340405058525231,-0.321474517394006,-0.301769515992535,-0.281337525395151,-0.260227768056834,-0.238491099232007,-0.216179884459776,-0.193347873410761,-0.170050070399425,-0.146342601873871,-0.122282581202304,-0.097927971081931,-0.073337443901745,-0.048570240395599,-0.023686026926088,0.001255248256938,0.026193499436966,0.051068648182572,0.075820768081620,0.100390229109244,0.124717841281799,0.148744997250713,0.172413813492728,0.195667269756372,0.218449346428744,0.240705159491666,0.262381092742091,0.283424926958231,0.303785965700236,0.323415157442362,0.342265213742387,0.360290723163615,0.377448260675001,0.393696492265858,0.408996274523107,0.423310748931187,0.436605430667449,0.448848291679114,0.460009837841657,0.470063180012736,0.478984098810493,0.486751102960163,0.493345481068441,0.498751346700865,0.502955676653627,0.505948342327617,0.507722134129099,0.508272778838256,0.507598949903755,0.505702270638519,0.502587310309028,0.498261573127552,0.492735480173853,0.486022344289884,0.478138338007992,0.469102454589866,0.458936462270110,0.447664851814660,0.435314777520378,0.421915991797978,0.407500773495860,0.392103850137539,0.375762314259995,0.358515534054508,0.340405058525231,0.321474517394005,0.301769515992535,0.281337525395151,0.260227768056833,0.238491099232006,0.216179884459776,0.193347873410761,0.170050070399425,0.146342601873870,0.122282581202303,0.097927971081931,0.073337443901745,0.048570240395598,0.023686026926088,-0.001255248256938,-0.026193499436967,-0.051068648182572,-0.075820768081620,-0.100390229109244,-0.124717841281799,-0.148744997250714,-0.172413813492728,-0.195667269756372,-0.218449346428744,-0.240705159491666,-0.262381092742091,-0.283424926958231,-0.303785965700236,-0.323415157442362,-0.342265213742387,-0.360290723163615,-0.377448260675001,-0.393696492265858,-0.408996274523107,-0.423310748931187,-0.436605430667449,-0.448848291679114,-0.460009837841657,-0.470063180012736,-0.478984098810493,-0.486751102960163,-0.493345481068441,-0.498751346700865,-0.502955676653627,-0.505948342327617,-0.507722134129098,-0.508272778838256,-0.507588655012060
-0.515852400785634,-0.515271033890924,-0.513456767340812,-0.510405538464674,-0.506124697940129,-0.500624558686959,-0.493918371022380,-0.486022290739867,-0.476955340188438,-0.466739362446141,-0.455398968698171,-0.442961478946369,-0.429456856192941,-0.414917634256967,-0.399378839397576,-0.382877905932620,-0.365454586056130,-0.347150854071789,-0.328010805273165,-0.308080549714285,-0.287408101126474,-0.266043261249073,-0.244037499852686,-0.221443830743993,-0.198316684050848,-0.174711775095336,-0.150685970170674,-0.126297149545339,-0.101604068024426,-0.076666213404176,-0.051543663160669,-0.026296939717916,-0.000986864644043,0.024325587873197,0.049579437918581,0.074713846755373,0.099668263391171,0.124382570450551,0.148797229003089,0.172853421997861,0.196493195958868,0.219659600600039,0.242296826023456,0.264350337170287,0.285767005200520,0.306495235484991,0.326485091901367,0.345688417134636,0.364058948692298,0.381552430354763,0.398126718792458,0.413741885092799,0.428360310952442,0.441946779303070,0.454468559152390,0.465895484435967,0.476200026689914,0.485357361369368,0.493345427653000,0.500144981589460,0.505739642457744,0.510115932229786,0.513263308040209,0.515174187585006,0.515843967387982,0.515271033890924,0.513456767340811,0.510405538464673,0.506124697940129,0.500624558686959,0.493918371022379,0.486022290739867,0.476955340188438,0.466739362446141,0.455398968698171,0.442961478946368,0.429456856192941,0.414917634256967,0.399378839397575,0.382877905932620,0.365454586056130,0.347150854071788,0.328010805273165,0.308080549714285,0.287408101126474,0.266043261249073,0.244037499852685,0.221443830743992,0.198316684050848,0.174711775095335,0.150685970170674,0.126297149545339,0.101604068024426,0.076666213404176,0.051543663160669,0.026296939717916,0.000986864644042,-0.024325587873198,-0.049579437918581,-0.074713846755373,-0.099668263391171,-0.124382570450551,-0.148797229003090,-0.172853421997861,-0.196493195958868,-0.219659600600039,-0.242296826023456,-0.264350337170287,-0.285767005200520,-0.306495235484991,-0.326485091901367,-0.345688417134636,-0.364058948692298,-0.381552430354763,-0.398126718792457,-0.413741885092799,-0.428360310952442,-0.441946779303070,-0.454468559152390,-0.465895484435967,-0.476200026689914,-0.485357361369368,-0.493345427653000,-0.500144981589460,-0.505739642457744,-0.510115932229786,-0.513263308040209,-0.515174187585006,-0.515843967387982,-0.515262253115082
-0.522179347978305,-0.521701794603697,-0.519974311477395,-0.516994164690373,-0.512768533677272,-0.507307598353323,-0.500624514590043,-0.492735382521587,-0.483659207758114,-0.473417855599609,-0.462035998360457,-0.449541055931682,-0.435963129724021,-0.421334930150994,-0.405691697826653,-0.389071118667851,-0.371513233105573,-0.353060339624028,-0.333756892859895,-0.313649396507212,-0.292786291285900,-0.271217838243830,-0.248995997673553,-0.226174303935408,-0.202807736488553,-0.178952587440637,-0.154666325935181,-0.130007459703378,-0.105035394113840,-0.079810289059868,-0.054392914028995,-0.028844501703970,-0.003226600447860,0.022399073971346,0.047970787059428,0.073426934319738,0.098706189663833,0.123747653151387,0.148490997703484,0.172876614435839,0.196845756261814,0.220340679419303,0.243304782580506,0.265682743209492,0.287420650839025,0.308466136945612,0.328768501109854,0.348278833158203,0.366950130991850,0.384737413818903,0.401597830517049,0.417490762865664,0.432377923398663,0.446223447642362,0.458993980516132,0.470658756687715,0.481189674689599,0.490561364617917,0.498751249250771,0.505739598438729,0.511509576636491,0.516047283461188,0.519341787179624,0.521385151043776,0.522172452411118,0.521701794603697,0.519974311477395,0.516994164690373,0.512768533677272,0.507307598353322,0.500624514590043,0.492735382521587,0.483659207758114,0.473417855599609,0.462035998360457,0.449541055931682,0.435963129724020,0.421334930150994,0.405691697826652,0.389071118667850,0.371513233105573,0.353060339624027,0.333756892859895,0.313649396507211,0.292786291285899,0.271217838243829,0.248995997673553,0.226174303935408,0.202807736488552,0.178952587440637,0.154666325935181,0.130007459703377,0.105035394113840,0.079810289059868,0.054392914028995,0.028844501703970,0.003226600447860,-0.022399073971346,-0.047970787059428,-0.073426934319739,-0.098706189663833,-0.123747653151387,-0.148490997703484,-0.172876614435839,-0.196845756261814,-0.220340679419303,-0.243304782580507,-0.265682743209492,-0.287420650839025,-0.308466136945612,-0.328768501109854,-0.348278833158203,-0.366950130991851,-0.384737413818904,-0.401597830517049,-0.417490762865664,-0.432377923398663,-0.446223447642362,-0.458993980516132,-0.470658756687715,-0.481189674689599,-0.490561364617917,-0.498751249250770,-0.505739598438729,-0.511509576636491,-0.516047283461188,-0.519341787179624,-0.521385151043776,-0.522172452411118,-0.521694548939546
-0.527248328600829,-0.526875739374586,-0.525239201311937,-0.522337316007807,-0.518177074358069,-0.512768498749251,-0.506124618913729,-0.498261440539964,-0.489197906713390,-0.478955852280868,-0.467559951248623,-0.455037657340405,-0.441419137859063,-0.426737201010868,-0.411027216867674,-0.394327032157313,-0.376676879087516,-0.358119278423000,-0.338698937049219,-0.318462640269562,-0.297459139095464,-0.275739032800941,-0.253354647024514,-0.230359907712159,-0.206810211204980,-0.182762290784573,-0.158274079997580,-0.133404573088701,-0.108213682878391,-0.082762096427628,-0.057111128837466,-0.031322575535592,-0.005458563405718,0.020418598881514,0.046246570975582,0.071963131029448,0.097506325597439,0.122814618886520,0.147827041001414,0.172483334826415,0.196724101190064,0.220490941962949,0.243726600743921,0.266375100795771,0.288381879898101,0.309693921792487,0.330259883903292,0.350030221026423,0.368957304688076,0.386995537885892,0.404101464936136,0.420233876162240,0.435353907172529,0.449425132487941,0.462413653294196,0.474288179107014,0.485020103153625,0.494583571288995,0.502955544280726,0.510115853312581,0.516047248572935,0.520735440811076,0.524169135761265,0.526340061351612,0.527242987632218,0.526875739374586,0.525239201311937,0.522337316007807,0.518177074358068,0.512768498749250,0.506124618913729,0.498261440539964,0.489197906713390,0.478955852280868,0.467559951248623,0.455037657340405,0.441419137859063,0.426737201010868,0.411027216867673,0.394327032157312,0.376676879087516,0.358119278423000,0.338698937049218,0.318462640269562,0.297459139095464,0.275739032800941,0.253354647024514,0.230359907712158,0.206810211204979,0.182762290784573,0.158274079997580,0.133404573088701,0.108213682878391,0.082762096427627,0.057111128837466,0.031322575535591,0.005458563405718,-0.020418598881514,-0.046246570975582,-0.071963131029448,-0.097506325597439,-0.122814618886520,-0.147827041001414,-0.172483334826415,-0.196724101190064,-0.220490941962950,-0.243726600743921,-0.266375100795771,-0.288381879898101,-0.309693921792488,-0.330259883903292,-0.350030221026424,-0.368957304688076,-0.386995537885893,-0.404101464936136,-0.420233876162240,-0.435353907172529,-0.449425132487941,-0.462413653294196,-0.474288179107014,-0.485020103153625,-0.494583571288995,-0.502955544280726,-0.510115853312581,-0.516047248572935,-0.520735440811076,-0.524169135761265,-0.526340061351612,-0.527242987632218,-0.526870046121579
-0.531047130718742,-0.530780403398855,-0.529238752944898,-0.526422119979257,-0.522337290017454,-0.516994103772655,-0.510405433448533,-0.502587151728997,-0.493558093539512,-0.483340010672106,-0.471957519383406,-0.459438041091915,-0.445811736317414,-0.431111432021628,-0.415372542525200,-0.398632984191492,-0.380933084082740,-0.362315482808636,-0.342825031801357,-0.322508685264543,-0.301415387056501,-0.279595952780171,-0.257102947363880,-0.233990558427832,-0.210314465741378,-0.186131707085581,-0.161500540844204,-0.136480305654156,-0.111131277453524,-0.085514524271557,-0.059691759110431,-0.033725191273228,-0.007677376496270,0.018388933753127,0.044410943450431,0.070325963295025,0.096071561734214,0.121585715366310,0.146806958360438,0.171674530533104,0.196128523724804,0.220110026124020,0.243561264190943,0.266425741838982,0.288648376538793,0.310175632016910,0.330955647229321,0.350938361299266,0.370075634118271,0.388321362319887,0.405631590346741,0.421964616343319,0.437281092619390,0.451544120442041,0.464719338927953,0.476775007821781,0.487682083961208,0.497414291244467,0.505948183931772,0.513263203128157,0.519341726311661,0.524169109787516,0.527733723966102,0.530026981379639,0.531043357370151,0.530780403398855,0.529238752944898,0.526422119979256,0.522337290017453,0.516994103772655,0.510405433448533,0.502587151728997,0.493558093539511,0.483340010672105,0.471957519383405,0.459438041091914,0.445811736317413,0.431111432021628,0.415372542525200,0.398632984191491,0.380933084082740,0.362315482808635,0.342825031801357,0.322508685264542,0.301415387056501,0.279595952780171,0.257102947363880,0.233990558427831,0.210314465741377,0.186131707085581,0.161500540844203,0.136480305654155,0.111131277453524,0.085514524271556,0.059691759110431,0.033725191273228,0.007677376496270,-0.018388933753127,-0.044410943450432,-0.070325963295025,-0.096071561734214,-0.121585715366310,-0.146806958360438,-0.171674530533104,-0.196128523724804,-0.220110026124021,-0.243561264190943,-0.266425741838983,-0.288648376538793,-0.310175632016910,-0.330955647229321,-0.350938361299266,-0.370075634118271,-0.388321362319888,-0.405631590346742,-0.421964616343319,-0.437281092619390,-0.451544120442041,-0.464719338927953,-0.476775007821781,-0.487682083961208,-0.497414291244467,-0.505948183931772,-0.513263203128157,-0.519341726311661,-0.524169109787516,-0.527733723966102,-0.530026981379639,-0.531043357370152,-0.530776276118027
-0.533566602449664,-0.533406379761433,-0.531963330868271,-0.529238735716561,-0.525239158094672,-0.519974233335417,-0.513456645103692,-0.505702094840423,-0.496729263936410,-0.486559768727230,-0.475218108417583,-0.462731606060569,-0.449130342734052,-0.434447085072717,-0.418717206330372,-0.401978601162681,-0.384271594335623,-0.365638843579593,-0.346125236823199,-0.325777784054309,-0.304645504068868,-0.282779306380330,-0.260231868574180,-0.237057509403015,-0.213312057927913,-0.189052719021333,-0.164337935555568,-0.139227247608747,-0.113781149027569,-0.088060941692333,-0.062128587835332,-0.036046560768414,-0.009877694379299,0.016314968240759,0.042468326673303,0.068519375187105,0.094405354524492,0.120063903093898,0.145433207204394,0.170452149980291,0.195060458597040,0.219198849483751,0.242809171142503,0.265834544240402,0.288219498636869,0.309910107016074,0.330854114802558,0.351001066047084,0.370302424979441,0.388711692935360,0.406184520375875,0.422678813729242,0.438154836798045,0.452575306487169,0.465905482622051,0.478113251640796,0.489169203958563,0.499046704817832,0.507721958453866,0.515174065420793,0.521385072940203,0.526340018150962,0.530026964156054,0.532437028779615,0.533564405964870,0.533406379761433,0.531963330868270,0.529238735716561,0.525239158094672,0.519974233335416,0.513456645103692,0.505702094840422,0.496729263936410,0.486559768727230,0.475218108417583,0.462731606060568,0.449130342734052,0.434447085072717,0.418717206330372,0.401978601162681,0.384271594335622,0.365638843579592,0.346125236823199,0.325777784054308,0.304645504068867,0.282779306380330,0.260231868574180,0.237057509403015,0.213312057927913,0.189052719021333,0.164337935555568,0.139227247608746,0.113781149027569,0.088060941692332,0.062128587835332,0.036046560768414,0.009877694379299,-0.016314968240759,-0.042468326673303,-0.068519375187105,-0.094405354524492,-0.120063903093898,-0.145433207204395,-0.170452149980291,-0.195060458597040,-0.219198849483751,-0.242809171142503,-0.265834544240402,-0.288219498636869,-0.309910107016074,-0.330854114802558,-0.351001066047084,-0.370302424979441,-0.388711692935360,-0.406184520375875,-0.422678813729242,-0.438154836798045,-0.452575306487169,-0.465905482622051,-0.478113251640796,-0.489169203958563,-0.499046704817832,-0.507721958453866,-0.515174065420794,-0.521385072940204,-0.526340018150962,-0.530026964156054,-0.532437028779615,-0.533564405964870,-0.533403828242371
-0.534800674009567,-0.534747342097594,-0.533406371176961,-0.530780377587282,-0.526875687577126,-0.521701707886736,-0.515270903086375,-0.507598765548077,-0.498703778123174,-0.488607369615480,-0.477333863157431,-0.464910417613527,-0.451366962152249,-0.436736124144070,-0.421053150559261,-0.404355823054855,-0.386684366955323,-0.368081354346244,-0.348591601514427,-0.328262060981543,-0.307141708391394,-0.285281424523294,-0.262733872715815,-0.239553371996195,-0.215795766221039,-0.191518289543579,-0.166779428531588,-0.141638781268112,-0.116156913774469,-0.090395214101399,-0.064415744439873,-0.038281091607839,-0.012054216273094,0.014201698724478,0.040423400585901,0.066547718934640,0.092511717999574,0.118252848232778,0.143709096996862,0.168819137958851,0.193522478830687,0.217759607100453,0.241472133403225,0.264602932186167,0.287096279328994,0.308897986388252,0.329955531142034,0.350218184120603,0.369637130818135,0.388165589291138,0.405758922860248,0.422374747643904,0.437973034664827,0.452516206283335,0.465969226725168,0.478299686485737,0.489477880407457,0.499476879242076,0.508272594525594,0.515843836609478,0.522172365708386,0.527242935841405,0.531043331560955,0.533564397380873,0.534800059832778,0.534747342097593,0.533406371176960,0.530780377587282,0.526875687577125,0.521701707886736,0.515270903086374,0.507598765548077,0.498703778123174,0.488607369615479,0.477333863157431,0.464910417613527,0.451366962152249,0.436736124144070,0.421053150559261,0.404355823054855,0.386684366955322,0.368081354346244,0.348591601514426,0.328262060981543,0.307141708391393,0.285281424523293,0.262733872715815,0.239553371996195,0.215795766221038,0.191518289543579,0.166779428531588,0.141638781268111,0.116156913774468,0.090395214101398,0.064415744439873,0.038281091607838,0.012054216273093,-0.014201698724478,-0.040423400585901,-0.066547718934640,-0.092511717999574,-0.118252848232778,-0.143709096996863,-0.168819137958852,-0.193522478830688,-0.217759607100453,-0.241472133403225,-0.264602932186167,-0.287096279328994,-0.308897986388253,-0.329955531142034,-0.350218184120603,-0.369637130818135,-0.388165589291138,-0.405758922860248,-0.422374747643904,-0.437973034664827,-0.452516206283335,-0.465969226725169,-0.478299686485737,-0.489477880407457,-0.499476879242076,-0.508272594525594,-0.515843836609478,-0.522172365708386,-0.527242935841405,-0.531043331560955,-0.533564397380873,-0.534800059832778,-0.534746372334477
-0.534746372334477,-0.534800059832778,-0.533564397380873,-0.531043331560955,-0.527242935841405,-0.522172365708386,-0.515843836609478,-0.508272594525594,-0.499476879242076,-0.489477880407457,-0.478299686485737,-0.465969226725169,-0.452516206283335,-0.437973034664827,-0.422374747643904,-0.405758922860248,-0.388165589291138,-0.369637130818136,-0.350218184120603,-0.329955531142034,-0.308897986388253,-0.287096279328994,-0.264602932186168,-0.241472133403225,-0.217759607100454,-0.193522478830688,-0.168819137958852,-0.143709096996863,-0.118252848232778,-0.092511717999575,-0.066547718934641,-0.040423400585901,-0.014201698724479,0.012054216273093,0.038281091607838,0.064415744439872,0.090395214101398,0.116156913774468,0.141638781268111,0.166779428531587,0.191518289543578,0.215795766221038,0.239553371996194,0.262733872715815,0.285281424523293,0.307141708391393,0.328262060981543,0.348591601514426,0.368081354346244,0.386684366955322,0.404355823054855,0.421053150559261,0.436736124144070,0.451366962152249,0.464910417613527,0.477333863157430,0.488607369615479,0.498703778123174,0.507598765548077,0.515270903086374,0.521701707886736,0.526875687577125,0.530780377587282,0.533406371176960,0.534747342097593,0.534800059832778,0.533564397380873,0.531043331560955,0.527242935841405,0.522172365708386,0.515843836609478,0.508272594525593,0.499476879242076,0.489477880407457,0.478299686485737,0.465969226725169,0.452516206283335,0.437973034664827,0.422374747643904,0.405758922860248,0.388165589291138,0.369637130818135,0.350218184120603,0.329955531142034,0.308897986388252,0.287096279328994,0.264602932186167,0.241472133403225,0.217759607100453,0.193522478830687,0.168819137958851,0.143709096996863,0.118252848232778,0.092511717999574,0.066547718934640,0.040423400585901,0.014201698724478,-0.012054216273093,-0.038281091607838,-0.064415744439873,-0.090395214101399,-0.116156913774468,-0.141638781268111,-0.166779428531588,-0.191518289543579,-0.215795766221038,-0.239553371996195,-0.262733872715815,-0.285281424523293,-0.307141708391394,-0.328262060981543,-0.348591601514427,-0.368081354346244,-0.386684366955322,-0.404355823054855,-0.421053150559261,-0.436736124144070,-0.451366962152249,-0.464910417613527,-0.477333863157431,-0.488607369615479,-0.498703778123174,-0.507598765548077,-0.515270903086374,-0.521701707886736,-0.526875687577126,-0.530780377587282,-0.533406371176961,-0.534747342097594,-0.534800674009568
-0.533403828242371,-0.533564405964870,-0.532437028779615,-0.530026964156054,-0.526340018150962,-0.521385072940204,-0.515174065420794,-0.507721958453866,-0.499046704817832,-0.489169203958563,-0.478113251640796,-0.465905482622051,-0.452575306487169,-0.438154836798045,-0.422678813729243,-0.406184520375875,-0.388711692935361,-0.370302424979441,-0.351001066047085,-0.330854114802558,-0.309910107016075,-0.288219498636870,-0.265834544240403,-0.242809171142504,-0.219198849483751,-0.195060458597041,-0.170452149980292,-0.145433207204395,-0.120063903093898,-0.094405354524493,-0.068519375187105,-0.042468326673303,-0.016314968240759,0.009877694379299,0.036046560768414,0.062128587835331,0.088060941692332,0.113781149027569,0.139227247608746,0.164337935555568,0.189052719021333,0.213312057927913,0.237057509403015,0.260231868574180,0.282779306380330,0.304645504068867,0.325777784054308,0.346125236823199,0.365638843579592,0.384271594335622,0.401978601162681,0.418717206330372,0.434447085072717,0.449130342734052,0.462731606060568,0.475218108417583,0.486559768727230,0.496729263936410,0.505702094840423,0.513456645103692,0.519974233335417,0.525239158094672,0.529238735716561,0.531963330868270,0.533406379761433,0.533564405964870,0.532437028779615,0.530026964156054,0.526340018150962,0.521385072940204,0.515174065420793,0.507721958453866,0.499046704817832,0.489169203958563,0.478113251640796,0.465905482622051,0.452575306487169,0.438154836798045,0.422678813729242,0.406184520375875,0.388711692935360,0.370302424979441,0.351001066047084,0.330854114802558,0.309910107016074,0.288219498636869,0.265834544240402,0.242809171142503,0.219198849483751,0.195060458597040,0.170452149980291,0.145433207204394,0.120063903093898,0.094405354524492,0.068519375187105,0.042468326673303,0.016314968240759,-0.009877694379299,-0.036046560768414,-0.062128587835332,-0.088060941692333,-0.113781149027569,-0.139227247608747,-0.164337935555568,-0.189052719021333,-0.213312057927913,-0.237057509403015,-0.260231868574180,-0.282779306380330,-0.304645504068867,-0.325777784054309,-0.346125236823199,-0.365638843579592,-0.384271594335622,-0.401978601162681,-0.418717206330372,-0.434447085072717,-0.449130342734052,-0.462731606060568,-0.475218108417583,-0.486559768727230,-0.496729263936410,-0.505702094840422,-0.513456645103692,-0.519974233335417,-0.525239158094672,-0.529238735716561,-0.531963330868271,-0.533406379761433,-0.533566602449664
-0.530776276118027,-0.531043357370152,-0.530026981379639,-0.527733723966102,-0.524169109787517,-0.519341726311661,-0.513263203128158,-0.505948183931772,-0.497414291244467,-0.487682083961208,-0.476775007821782,-0.464719338927954,-0.451544120442041,-0.437281092619390,-0.421964616343319,-0.405631590346742,-0.388321362319888,-0.370075634118271,-0.350938361299266,-0.330955647229322,-0.310175632016910,-0.288648376538794,-0.266425741838983,-0.243561264190944,-0.220110026124021,-0.196128523724804,-0.171674530533105,-0.146806958360438,-0.121585715366310,-0.096071561734214,-0.070325963295025,-0.044410943450432,-0.018388933753127,0.007677376496269,0.033725191273227,0.059691759110431,0.085514524271556,0.111131277453523,0.136480305654155,0.161500540844203,0.186131707085581,0.210314465741377,0.233990558427831,0.257102947363880,0.279595952780171,0.301415387056501,0.322508685264542,0.342825031801357,0.362315482808635,0.380933084082740,0.398632984191491,0.415372542525200,0.431111432021628,0.445811736317413,0.459438041091914,0.471957519383405,0.483340010672105,0.493558093539511,0.502587151728997,0.510405433448533,0.516994103772655,0.522337290017453,0.526422119979256,0.529238752944898,0.530780403398855,0.531043357370151,0.530026981379639,0.527733723966102,0.524169109787516,0.519341726311661,0.513263203128157,0.505948183931771,0.497414291244467,0.487682083961208,0.476775007821781,0.464719338927953,0.451544120442041,0.437281092619390,0.421964616343319,0.405631590346741,0.388321362319888,0.370075634118271,0.350938361299266,0.330955647229321,0.310175632016910,0.288648376538793,0.266425741838982,0.243561264190943,0.220110026124020,0.196128523724804,0.171674530533104,0.146806958360438,0.121585715366310,0.096071561734214,0.070325963295025,0.044410943450431,0.018388933753127,-0.007677376496270,-0.033725191273228,-0.059691759110431,-0.085514524271556,-0.111131277453524,-0.136480305654155,-0.161500540844203,-0.186131707085581,-0.210314465741377,-0.233990558427831,-0.257102947363880,-0.279595952780171,-0.301415387056501,-0.322508685264542,-0.342825031801357,-0.362315482808635,-0.380933084082740,-0.398632984191491,-0.415372542525200,-0.431111432021628,-0.445811736317414,-0.459438041091915,-0.471957519383406,-0.483340010672105,-0.493558093539511,-0.502587151728997,-0.510405433448533,-0.516994103772655,-0.522337290017453,-0.526422119979257,-0.529238752944898,-0.530780403398855,-0.531047130718742
-0.526870046121579,-0.527242987632218,-0.526340061351612,-0.524169135761265,-0.520735440811076,-0.516047248572935,-0.510115853312581,-0.502955544280726,-0.494583571288995,-0.485020103153625,-0.474288179107014,-0.462413653294197,-0.449425132487941,-0.435353907172529,-0.420233876162240,-0.404101464936136,-0.386995537885893,-0.368957304688077,-0.350030221026424,-0.330259883903292,-0.309693921792488,-0.288381879898102,-0.266375100795772,-0.243726600743922,-0.220490941962950,-0.196724101190064,-0.172483334826416,-0.147827041001414,-0.122814618886521,-0.097506325597440,-0.071963131029449,-0.046246570975582,-0.020418598881514,0.005458563405717,0.031322575535591,0.057111128837466,0.082762096427627,0.108213682878390,0.133404573088701,0.158274079997580,0.182762290784573,0.206810211204979,0.230359907712158,0.253354647024513,0.275739032800941,0.297459139095463,0.318462640269562,0.338698937049218,0.358119278423000,0.376676879087516,0.394327032157313,0.411027216867673,0.426737201010868,0.441419137859063,0.455037657340405,0.467559951248623,0.478955852280868,0.489197906713390,0.498261440539964,0.506124618913729,0.512768498749250,0.518177074358069,0.522337316007807,0.525239201311937,0.526875739374586,0.527242987632218,0.526340061351612,0.524169135761265,0.520735440811076,0.516047248572935,0.510115853312581,0.502955544280725,0.494583571288995,0.485020103153625,0.474288179107014,0.462413653294196,0.449425132487941,0.435353907172529,0.420233876162240,0.404101464936136,0.386995537885892,0.368957304688076,0.350030221026423,0.330259883903292,0.309693921792488,0.288381879898101,0.266375100795771,0.243726600743921,0.220490941962950,0.196724101190064,0.172483334826415,0.147827041001414,0.122814618886520,0.097506325597439,0.071963131029448,0.046246570975582,0.020418598881514,-0.005458563405718,-0.031322575535591,-0.057111128837466,-0.082762096427627,-0.108213682878391,-0.133404573088701,-0.158274079997580,-0.182762290784573,-0.206810211204979,-0.230359907712158,-0.253354647024514,-0.275739032800941,-0.297459139095464,-0.318462640269562,-0.338698937049218,-0.358119278423000,-0.376676879087516,-0.394327032157313,-0.411027216867673,-0.426737201010868,-0.441419137859063,-0.455037657340405,-0.467559951248623,-0.478955852280868,-0.489197906713390,-0.498261440539964,-0.506124618913729,-0.512768498749250,-0.518177074358069,-0.522337316007807,-0.525239201311937,-0.526875739374586,-0.527248328600829
-0.521694548939547,-0.522172452411119,-0.521385151043777,-0.519341787179625,-0.516047283461189,-0.511509576636491,-0.505739598438729,-0.498751249250771,-0.490561364617918,-0.481189674689599,-0.470658756687715,-0.458993980516133,-0.446223447642362,-0.432377923398664,-0.417490762865664,-0.401597830517050,-0.384737413818904,-0.366950130991851,-0.348278833158203,-0.328768501109854,-0.308466136945612,-0.287420650839026,-0.265682743209492,-0.243304782580507,-0.220340679419303,-0.196845756261815,-0.172876614435839,-0.148490997703485,-0.123747653151387,-0.098706189663834,-0.073426934319739,-0.047970787059428,-0.022399073971347,0.003226600447859,0.028844501703969,0.054392914028995,0.079810289059867,0.105035394113839,0.130007459703377,0.154666325935181,0.178952587440637,0.202807736488552,0.226174303935407,0.248995997673553,0.271217838243829,0.292786291285899,0.313649396507211,0.333756892859895,0.353060339624027,0.371513233105573,0.389071118667850,0.405691697826652,0.421334930150994,0.435963129724020,0.449541055931681,0.462035998360457,0.473417855599609,0.483659207758114,0.492735382521586,0.500624514590042,0.507307598353322,0.512768533677271,0.516994164690373,0.519974311477395,0.521701794603697,0.522172452411118,0.521385151043776,0.519341787179624,0.516047283461188,0.511509576636491,0.505739598438729,0.498751249250770,0.490561364617917,0.481189674689598,0.470658756687715,0.458993980516132,0.446223447642362,0.432377923398663,0.417490762865664,0.401597830517049,0.384737413818903,0.366950130991850,0.348278833158203,0.328768501109854,0.308466136945612,0.287420650839025,0.265682743209492,0.243304782580506,0.220340679419303,0.196845756261814,0.172876614435839,0.148490997703484,0.123747653151387,0.098706189663833,0.073426934319739,0.047970787059428,0.022399073971346,-0.003226600447860,-0.028844501703970,-0.054392914028995,-0.079810289059868,-0.105035394113840,-0.130007459703377,-0.154666325935181,-0.178952587440637,-0.202807736488553,-0.226174303935408,-0.248995997673553,-0.271217838243829,-0.292786291285899,-0.313649396507211,-0.333756892859895,-0.353060339624027,-0.371513233105573,-0.389071118667851,-0.405691697826652,-0.421334930150994,-0.435963129724020,-0.449541055931682,-0.462035998360457,-0.473417855599609,-0.483659207758114,-0.492735382521587,-0.500624514590043,-0.507307598353323,-0.512768533677272,-0.516994164690373,-0.519974311477395,-0.521701794603697,-0.522179347978305
-0.515262253115083,-0.515843967387982,-0.515174187585006,-0.513263308040209,-0.510115932229787,-0.505739642457744,-0.500144981589460,-0.493345427653000,-0.485357361369369,-0.476200026689914,-0.465895484435968,-0.454468559152390,-0.441946779303070,-0.428360310952443,-0.413741885092799,-0.398126718792458,-0.381552430354764,-0.364058948692299,-0.345688417134637,-0.326485091901368,-0.306495235484992,-0.285767005200521,-0.264350337170288,-0.242296826023457,-0.219659600600040,-0.196493195958869,-0.172853421997862,-0.148797229003090,-0.124382570450552,-0.099668263391172,-0.074713846755374,-0.049579437918582,-0.024325587873198,0.000986864644042,0.026296939717915,0.051543663160669,0.076666213404176,0.101604068024425,0.126297149545339,0.150685970170674,0.174711775095335,0.198316684050848,0.221443830743992,0.244037499852685,0.266043261249073,0.287408101126474,0.308080549714285,0.328010805273165,0.347150854071788,0.365454586056130,0.382877905932620,0.399378839397576,0.414917634256967,0.429456856192941,0.442961478946369,0.455398968698171,0.466739362446141,0.476955340188438,0.486022290739867,0.493918371022379,0.500624558686959,0.506124697940129,0.510405538464673,0.513456767340811,0.515271033890924,0.515843967387981,0.515174187585006,0.513263308040209,0.510115932229786,0.505739642457744,0.500144981589460,0.493345427653000,0.485357361369368,0.476200026689914,0.465895484435967,0.454468559152390,0.441946779303070,0.428360310952442,0.413741885092799,0.398126718792457,0.381552430354763,0.364058948692298,0.345688417134636,0.326485091901367,0.306495235484991,0.285767005200520,0.264350337170287,0.242296826023456,0.219659600600039,0.196493195958868,0.172853421997861,0.148797229003089,0.124382570450551,0.099668263391171,0.074713846755373,0.049579437918581,0.024325587873198,-0.000986864644042,-0.026296939717916,-0.051543663160669,-0.076666213404176,-0.101604068024426,-0.126297149545339,-0.150685970170674,-0.174711775095335,-0.198316684050848,-0.221443830743992,-0.244037499852685,-0.266043261249073,-0.287408101126474,-0.308080549714285,-0.328010805273165,-0.347150854071789,-0.365454586056130,-0.382877905932620,-0.399378839397576,-0.414917634256967,-0.429456856192941,-0.442961478946369,-0.455398968698171,-0.466739362446141,-0.476955340188438,-0.486022290739867,-0.493918371022380,-0.500624558686959,-0.506124697940129,-0.510405538464674,-0.513456767340812,-0.515271033890924,-0.515852400785634
-0.507588655012060,-0.508272778838257,-0.507722134129099,-0.505948342327617,-0.502955676653628,-0.498751346700865,-0.493345481068442,-0.486751102960164,-0.478984098810493,-0.470063180012737,-0.460009837841657,-0.448848291679114,-0.436605430667449,-0.423310748931187,-0.408996274523107,-0.393696492265859,-0.377448260675002,-0.360290723163615,-0.342265213742388,-0.323415157442363,-0.303785965700237,-0.283424926958231,-0.262381092742091,-0.240705159491667,-0.218449346428744,-0.195667269756372,-0.172413813492728,-0.148744997250714,-0.124717841281800,-0.100390229109245,-0.075820768081620,-0.051068648182572,-0.026193499436967,-0.001255248256938,0.023686026926088,0.048570240395598,0.073337443901745,0.097927971081931,0.122282581202303,0.146342601873870,0.170050070399425,0.193347873410760,0.216179884459776,0.238491099232006,0.260227768056833,0.281337525395151,0.301769515992535,0.321474517394005,0.340405058525231,0.358515534054508,0.375762314259995,0.392103850137539,0.407500773495860,0.421915991797978,0.435314777520378,0.447664851814660,0.458936462270110,0.469102454589866,0.478138338007992,0.486022344289884,0.492735480173853,0.498261573127552,0.502587310309028,0.505702270638519,0.507598949903755,0.508272778838256,0.507722134129098,0.505948342327617,0.502955676653627,0.498751346700864,0.493345481068441,0.486751102960163,0.478984098810493,0.470063180012736,0.460009837841657,0.448848291679114,0.436605430667449,0.423310748931187,0.408996274523107,0.393696492265858,0.377448260675001,0.360290723163615,0.342265213742387,0.323415157442362,0.303785965700236,0.283424926958231,0.262381092742091,0.240705159491666,0.218449346428744,0.195667269756372,0.172413813492728,0.148744997250713,0.124717841281799,0.100390229109244,0.075820768081620,0.051068648182572,0.026193499436966,0.001255248256938,-0.023686026926088,-0.048570240395599,-0.073337443901745,-0.097927971081931,-0.122282581202304,-0.146342601873870,-0.170050070399425,-0.193347873410761,-0.216179884459776,-0.238491099232006,-0.260227768056833,-0.281337525395151,-0.301769515992535,-0.321474517394005,-0.340405058525231,-0.358515534054508,-0.375762314259995,-0.392103850137539,-0.407500773495860,-0.421915991797978,-0.435314777520378,-0.447664851814660,-0.458936462270110,-0.469102454589866,-0.478138338007992,-0.486022344289884,-0.492735480173853,-0.498261573127552,-0.502587310309028,-0.505702270638520,-0.507598949903756,-0.508282729591643
-0.498692241485356,-0.499477126904474,-0.499046943809598,-0.497414512915734,-0.494583766891891,-0.490561525253184,-0.485357477932027,-0.478984161934238,-0.471456931136292,-0.462793919296488,-0.453015996369139,-0.442146718227022,-0.430212269913217,-0.417241402559047,-0.403265364120082,-0.388317824097077,-0.372434792423198,-0.355654532712937,-0.338017470081712,-0.319566093758226,-0.300344854724193,-0.280400058628028,-0.259779754230483,-0.238533617650977,-0.216712832693473,-0.194369967540208,-0.171558848110341,-0.148334428388595,-0.124752658036299,-0.100870347603752,-0.076745031668629,-0.052434830230144,-0.027998308692887,-0.003494336777626,0.021018053300999,0.045479809048259,0.069831999951960,0.094015959451217,0.117973426269330,0.141646684770308,0.164978704000891,0.187913275083107,0.210395146626390,0.232370157833011,0.253785368976190,0.274589188936533,0.294731499489555,0.314163776044876,0.332839204546209,0.350712794250518,0.367741486114665,0.383884256528412,0.399102216143893,0.413358703563457,0.426619373660191,0.438852280318333,0.450027953394269,0.460119469712684,0.469102517926856,0.476955457086815,0.483659368774287,0.489198102678824,0.493558315505315,0.496729503119152,0.498704025851608,0.499477126904474,0.499046943809597,0.497414512915734,0.494583766891891,0.490561525253184,0.485357477932027,0.478984161934238,0.471456931136291,0.462793919296487,0.453015996369138,0.442146718227021,0.430212269913216,0.417241402559047,0.403265364120081,0.388317824097076,0.372434792423198,0.355654532712936,0.338017470081711,0.319566093758226,0.300344854724193,0.280400058628027,0.259779754230482,0.238533617650977,0.216712832693473,0.194369967540208,0.171558848110340,0.148334428388594,0.124752658036299,0.100870347603752,0.076745031668628,0.052434830230144,0.027998308692887,0.003494336777626,-0.021018053301000,-0.045479809048259,-0.069831999951961,-0.094015959451217,-0.117973426269330,-0.141646684770308,-0.164978704000891,-0.187913275083107,-0.210395146626390,-0.232370157833011,-0.253785368976190,-0.274589188936533,-0.294731499489555,-0.314163776044876,-0.332839204546209,-0.350712794250518,-0.367741486114666,-0.383884256528413,-0.399102216143893,-0.413358703563457,-0.426619373660191,-0.438852280318333,-0.450027953394269,-0.460119469712685,-0.469102517926856,-0.476955457086815,-0.483659368774287,-0.489198102678824,-0.493558315505316,-0.496729503119152,-0.498704025851608,-0.499488570881219
-0.488594445347281,-0.489478201657013,-0.489169516491983,-0.487682379115534,-0.485020372171865,-0.481189908668867,-0.476200216528627,-0.470063316356557,-0.462793992482700,-0.454409757344986,-0.444930809300234,-0.434379983964541,-0.422782699200285,-0.410166893882265,-0.396562960590505,-0.382003672391870,-0.366524103886873,-0.350161546711892,-0.332955419700354,-0.314947173919307,-0.296180192810174,-0.276699687674240,-0.256552588754669,-0.235787432177435,-0.214454243023545,-0.192604414814239,-0.170290585699491,-0.147566511648099,-0.124486936944847,-0.101107462306727,-0.077484410935942,-0.053674692832380,-0.029735667692437,-0.005725006724485,0.018299446286116,0.042279814327773,0.066158326593439,0.089877457655557,0.113380066049847,0.136609531934103,0.159509893490347,0.182025981741756,0.204103553459556,0.225689421839713,0.246731584634599,0.267179349430965,0.286983455772406,0.306096193832108,0.324471519350010,0.342065164557448,0.358834744822098,0.374739860756259,0.389742195542524,0.403805607242342,0.416896215865120,0.428982484988083,0.440035297730281,0.450028026897707,0.458936599130537,0.466739552897963,0.473418090200901,0.478956121858018,0.483340306265977,0.486560081540531,0.488607690961024,0.489478201657013,0.489169516491983,0.487682379115534,0.485020372171865,0.481189908668866,0.476200216528626,0.470063316356556,0.462793992482699,0.454409757344985,0.444930809300233,0.434379983964541,0.422782699200285,0.410166893882264,0.396562960590505,0.382003672391869,0.366524103886872,0.350161546711892,0.332955419700353,0.314947173919306,0.296180192810173,0.276699687674239,0.256552588754668,0.235787432177434,0.214454243023545,0.192604414814238,0.170290585699490,0.147566511648098,0.124486936944846,0.101107462306726,0.077484410935942,0.053674692832379,0.029735667692436,0.005725006724485,-0.018299446286117,-0.042279814327773,-0.066158326593440,-0.089877457655558,-0.113380066049848,-0.136609531934103,-0.159509893490347,-0.182025981741756,-0.204103553459556,-0.225689421839713,-0.246731584634599,-0.267179349430965,-0.286983455772406,-0.306096193832109,-0.324471519350010,-0.342065164557448,-0.358834744822098,-0.374739860756260,-0.389742195542524,-0.403805607242343,-0.416896215865120,-0.428982484988083,-0.440035297730281,-0.450028026897707,-0.458936599130537,-0.466739552897963,-0.473418090200901,-0.478956121858018,-0.483340306265977,-0.486560081540531,-0.488607690961024,-0.489491111124906
-0.477319593737442,-0.478300092048736,-0.478113648427427,-0.476775387149246,-0.474288532202831,-0.470659074639571,-0.465895758140638,-0.460010057952695,-0.453016153243021,-0.444930892940657,-0.435773755145855,-0.425566800205633,-0.414334617568467,-0.402104266546153,-0.388905211125554,-0.374769248987281,-0.359730434902288,-0.343824998690951,-0.327091257942254,-0.309569525703364,-0.291302013361966,-0.272332728955336,-0.252707371151123,-0.232473219155256,-0.211679018812194,-0.190374865171922,-0.168612081806582,-0.146443097167495,-0.123921318280432,-0.101101002083405,-0.078037124716958,-0.054785249081822,-0.031401390983028,-0.007941884182918,0.015536755311815,0.038977965402143,0.062325274159751,0.085522435872859,0.108513566547068,0.131243278534799,0.153656813968987,0.175700176679576,0.197320262275026,0.218464986075441,0.239083408589128,0.259125858230291,0.278544050982232,0.297291206717780,0.315322161896710,0.332593478368672,0.349063548019495,0.364692693008784,0.379443261357307,0.393279717653916,0.406168728663462,0.418079243629478,0.428982569078175,0.438852437943527,0.447665072846939,0.455399243379033,0.462036317245565,0.467560305154250,0.471957899334373,0.475218505596370,0.477334268854160,0.478300092048736,0.478113648427427,0.476775387149246,0.474288532202831,0.470659074639571,0.465895758140637,0.460010057952694,0.453016153243021,0.444930892940656,0.435773755145854,0.425566800205633,0.414334617568467,0.402104266546152,0.388905211125554,0.374769248987280,0.359730434902287,0.343824998690950,0.327091257942253,0.309569525703363,0.291302013361965,0.272332728955336,0.252707371151123,0.232473219155255,0.211679018812194,0.190374865171921,0.168612081806581,0.146443097167494,0.123921318280431,0.101101002083405,0.078037124716957,0.054785249081822,0.031401390983027,0.007941884182918,-0.015536755311816,-0.038977965402144,-0.062325274159751,-0.085522435872859,-0.108513566547068,-0.131243278534800,-0.153656813968987,-0.175700176679576,-0.197320262275026,-0.218464986075442,-0.239083408589129,-0.259125858230291,-0.278544050982233,-0.297291206717780,-0.315322161896710,-0.332593478368672,-0.349063548019495,-0.364692693008784,-0.379443261357307,-0.393279717653916,-0.406168728663462,-0.418079243629479,-0.428982569078175,-0.438852437943527,-0.447665072846939,-0.455399243379033,-0.462036317245565,-0.467560305154250,-0.471957899334373,-0.475218505596370,-0.477334268854160,-0.478314435742227
-0.464894849520438,-0.465969727886481,-0.465905974929422,-0.464719813670215,-0.462414101675227,-0.458994393606613,-0.454468927840639,-0.448848606620720,-0.442146969792958,-0.434380162187463,-0.425566894724050,-0.415728399335990,-0.404888377820422,-0.393072944738651,-0.380310564503881,-0.366631982807950,-0.352070152552266,-0.336660154461379,-0.320439112570449,-0.303446104790185,-0.285722068764742,-0.267309703249347,-0.248253365245260,-0.228598963139870,-0.208393846109371,-0.187686690050451,-0.166527380315786,-0.144966891535864,-0.123057164816633,-0.100850982608824,-0.078401841550407,-0.055763823588505,-0.032991465691245,-0.010139628463422,0.012736636017494,0.035582216826648,0.058342076958831,0.080961385917459,0.103385651806031,0.125560852603890,0.147433566309993,0.168951099641201,0.190061614975004,0.210714255230901,0.230859266389558,0.250448117354599,0.269433616868269,0.287770027199305,0.305413174329141,0.322320554370983,0.338451435965399,0.353766958405730,0.368230225256936,0.381806393242339,0.394462756184131,0.406168823795419,0.416896395133996,0.426619626540884,0.435315093899969,0.442961849068750,0.449541470344249,0.455038106842506,0.459438516684749,0.462732098898237,0.464910918954934,0.465969727886481,0.465905974929422,0.464719813670214,0.462414101675227,0.458994393606612,0.454468927840638,0.448848606620720,0.442146969792957,0.434380162187463,0.425566894724050,0.415728399335989,0.404888377820421,0.393072944738650,0.380310564503880,0.366631982807949,0.352070152552265,0.336660154461379,0.320439112570448,0.303446104790185,0.285722068764741,0.267309703249346,0.248253365245259,0.228598963139869,0.208393846109371,0.187686690050450,0.166527380315785,0.144966891535864,0.123057164816632,0.100850982608823,0.078401841550407,0.055763823588505,0.032991465691244,0.010139628463422,-0.012736636017495,-0.035582216826648,-0.058342076958832,-0.080961385917459,-0.103385651806032,-0.125560852603890,-0.147433566309993,-0.168951099641201,-0.190061614975004,-0.210714255230902,-0.230859266389559,-0.250448117354600,-0.269433616868269,-0.287770027199305,-0.305413174329141,-0.322320554370983,-0.338451435965399,-0.353766958405730,-0.368230225256936,-0.381806393242339,-0.394462756184132,-0.406168823795419,-0.416896395133997,-0.426619626540885,-0.435315093899970,-0.442961849068751,-0.449541470344249,-0.455038106842507,-0.459438516684749,-0.462732098898237,-0.464910918954934,-0.465985471081701
-0.451350145852576,-0.452516814959217,-0.452575906211389,-0.451544702464530,-0.449425687978789,-0.446223967645667,-0.441947254689882,-0.436605852087542,-0.430212627745367,-0.422782983500778,-0.414334818017519,-0.404888483666213,-0.394466737493712,-0.383094686399383,-0.370799726650386,-0.357611477881668,-0.343561711739668,-0.328684275341635,-0.313015009734961,-0.296591663552959,-0.279453802075096,-0.261642711910773,-0.243201301536261,-0.224173997924430,-0.204606639516277,-0.184546365792103,-0.164041503708384,-0.143141451273892,-0.121896558545572,-0.100358006330837,-0.078577682888528,-0.056608058925549,-0.034502061190338,-0.012312944967695,0.009905834217861,0.032100749381138,0.054218331027462,0.076205295965376,0.098008675670513,0.119575943891415,0.140855143189866,0.161795010110920,0.182345098681047,0.202455901936907,0.222078971191958,0.241167032753588,0.259674101809577,0.277555593209542,0.294768428874466,0.311271141575566,0.327023974832479,0.341988978690103,0.356130101143367,0.369413274989663,0.381806499899727,0.393279919509233,0.403805893345389,0.413359063415257,0.421916415295380,0.429457333575543,0.435963651523103,0.441419694848237,0.445812319464684,0.449130943154992,0.451367571064016,0.452516814959216,0.452575906211388,0.451544702464530,0.449425687978789,0.446223967645666,0.441947254689882,0.436605852087542,0.430212627745367,0.422782983500777,0.414334818017519,0.404888483666212,0.394466737493711,0.383094686399382,0.370799726650386,0.357611477881668,0.343561711739667,0.328684275341634,0.313015009734960,0.296591663552958,0.279453802075096,0.261642711910772,0.243201301536260,0.224173997924430,0.204606639516276,0.184546365792102,0.164041503708383,0.143141451273892,0.121896558545571,0.100358006330837,0.078577682888528,0.056608058925549,0.034502061190337,0.012312944967695,-0.009905834217861,-0.032100749381138,-0.054218331027462,-0.076205295965376,-0.098008675670514,-0.119575943891415,-0.140855143189866,-0.161795010110920,-0.182345098681047,-0.202455901936907,-0.222078971191959,-0.241167032753588,-0.259674101809577,-0.277555593209542,-0.294768428874466,-0.311271141575566,-0.327023974832479,-0.341988978690103,-0.356130101143367,-0.369413274989663,-0.381806499899727,-0.393279919509233,-0.403805893345390,-0.413359063415258,-0.421916415295380,-0.429457333575543,-0.435963651523103,-0.441419694848238,-0.445812319464684,-0.449130943154992,-0.451367571064016,-0.452533919557358
-0.436718114075269,-0.437973763479161,-0.438155556539848,-0.437281794486937,-0.435354582289744,-0.432378562771259,-0.428360905423167,-0.423311289133928,-0.417241878871475,-0.410167296376748,-0.402104584938638,-0.393073168335208,-0.383094804040116,-0.372193530806949,-0.360395610757765,-0.347729466115339,-0.334225610731536,-0.319916576576776,-0.304836835367659,-0.289022715521588,-0.272512314638426,-0.255345407720040,-0.237563351348840,-0.219208984056149,-0.200326523120428,-0.180961458043978,-0.161160440964748,-0.140971174267247,-0.120442295663319,-0.099623261019640,-0.078564225214197,-0.057315921308800,-0.035929538328687,-0.014456597943686,0.007051169652011,0.028541950362406,0.049963971014399,0.071265624083891,0.092395592022833,0.113302970887694,0.133937392971519,0.154249148144145,0.174189303608263,0.193709821782807,0.212763676029699,0.231304963945140,0.249289017942514,0.266672512860525,0.283413570337303,0.299471859699040,0.314808695120126,0.329387128820682,0.343172040077004,0.356130219830460,0.368230450691022,0.379443582142690,0.389742600769644,0.399102695333924,0.407501316547877,0.414918231397367,0.421335571884875,0.426737878075076,0.431112135339169,0.434447805708268,0.436736853260282,0.437973763479161,0.438155556539848,0.437281794486936,0.435354582289744,0.432378562771258,0.428360905423167,0.423311289133927,0.417241878871474,0.410167296376747,0.402104584938637,0.393073168335208,0.383094804040115,0.372193530806948,0.360395610757765,0.347729466115338,0.334225610731536,0.319916576576775,0.304836835367658,0.289022715521588,0.272512314638425,0.255345407720039,0.237563351348840,0.219208984056149,0.200326523120427,0.180961458043977,0.161160440964747,0.140971174267246,0.120442295663319,0.099623261019639,0.078564225214196,0.057315921308799,0.035929538328687,0.014456597943685,-0.007051169652011,-0.028541950362406,-0.049963971014399,-0.071265624083891,-0.092395592022833,-0.113302970887695,-0.133937392971519,-0.154249148144146,-0.174189303608263,-0.193709821782807,-0.212763676029700,-0.231304963945140,-0.249289017942514,-0.266672512860526,-0.283413570337303,-0.299471859699040,-0.314808695120126,-0.329387128820682,-0.343172040077005,-0.356130219830461,-0.368230450691022,-0.379443582142690,-0.389742600769644,-0.399102695333925,-0.407501316547878,-0.414918231397367,-0.421335571884875,-0.426737878075076,-0.431112135339170,-0.434447805708268,-0.436736853260282,-0.437992188098002
-0.421034005108824,-0.422375610008277,-0.422679666873866,-0.421965451399590,-0.420234684193084,-0.417491534824146,-0.413742611779877,-0.408996946544257,-0.403265971840510,-0.396563494088673,-0.388905660144716,-0.380310918401358,-0.370799974344268,-0.360395740670742,-0.349123282091001,-0.337009754945114,-0.324084341780997,-0.310378181051094,-0.295924292097120,-0.280757495603578,-0.264914329711675,-0.248432961995742,-0.231353097514203,-0.213715883156615,-0.195563808517201,-0.176940603533703,-0.157891133138127,-0.138461289173190,-0.118697879834859,-0.098648516907299,-0.078361501061919,-0.057885705496825,-0.037270458197000,-0.016565423098872,0.004179519554461,0.024914393379105,0.045589246247855,0.066154270629248,0.086559923578266,0.106757046089629,0.126696981526150,0.146331692836829,0.165613878282321,0.184497085388970,0.202935822856880,0.220885670152449,0.238303384521321,0.255147005163970,0.271375954322940,0.286951135038221,0.301835025335243,0.315991768618607,0.329387260053759,0.341989228728525,0.353767315396565,0.364693145615457,0.374740398103215,0.383884868148560,0.392104525922192,0.399379569548577,0.405692472810401,0.411028027370761,0.415373379411381,0.418718060598589,0.421054013302443,0.422375610008277,0.422679666873866,0.421965451399590,0.420234684193084,0.417491534824145,0.413742611779876,0.408996946544256,0.403265971840510,0.396563494088672,0.388905660144715,0.380310918401357,0.370799974344268,0.360395740670741,0.349123282091000,0.337009754945114,0.324084341780997,0.310378181051093,0.295924292097120,0.280757495603578,0.264914329711675,0.248432961995741,0.231353097514202,0.213715883156614,0.195563808517201,0.176940603533703,0.157891133138126,0.138461289173189,0.118697879834858,0.098648516907298,0.078361501061919,0.057885705496825,0.037270458197000,0.016565423098871,-0.004179519554462,-0.024914393379106,-0.045589246247856,-0.066154270629249,-0.086559923578266,-0.106757046089629,-0.126696981526150,-0.146331692836829,-0.165613878282322,-0.184497085388970,-0.202935822856880,-0.220885670152449,-0.238303384521321,-0.255147005163970,-0.271375954322941,-0.286951135038221,-0.301835025335243,-0.315991768618607,-0.329387260053759,-0.341989228728525,-0.353767315396565,-0.364693145615457,-0.374740398103215,-0.383884868148560,-0.392104525922192,-0.399379569548578,-0.405692472810401,-0.411028027370761,-0.415373379411382,-0.418718060598589,-0.421054013302444,-0.422395310081648
-0.404335604536042,-0.405759933058245,-0.406185521177147,-0.405632572797883,-0.404102420021531,-0.401598749120157,-0.398127591656255,-0.393697309952196,-0.388318576944650,-0.382004350472553,-0.374769842060540,-0.366632480273041,-0.357611868727352,-0.347729738866798,-0.337009897607786,-0.325478169986857,-0.313162336945908,-0.300092068405476,-0.286298851787294,-0.271815916158339,-0.256678152179095,-0.240922028048902,-0.224585501650861,-0.207707929107977,-0.190329969970806,-0.172493489265039,-0.154241456634987,-0.135617842825945,-0.116667513754815,-0.097436122424183,-0.077969998940235,-0.058316038899474,-0.038521590413123,-0.018634340041373,0.001297802087711,0.021226817697892,0.041104696044990,0.060883549578968,0.080515729309242,0.099953939595265,0.119151352085872,0.138061718532878,0.156639482207160,0.174839887648807,0.192619088486942,0.209934253069473,0.226743667648291,0.243006836871344,0.258684581339489,0.273739131993094,0.288134221101011,0.301835169632719,0.314808970803143,0.327024369588893,0.338451938024352,0.349064146096222,0.358835428065738,0.367742244058771,0.375763136775451,0.382878783182676,0.389072041064992,0.394327990321697,0.398633968910665,0.401979603352314,0.404356833720233,0.405759933058245,0.406185521177146,0.405632572797882,0.404102420021531,0.401598749120156,0.398127591656255,0.393697309952195,0.388318576944649,0.382004350472553,0.374769842060539,0.366632480273040,0.357611868727351,0.347729738866798,0.337009897607786,0.325478169986856,0.313162336945908,0.300092068405475,0.286298851787293,0.271815916158338,0.256678152179095,0.240922028048901,0.224585501650861,0.207707929107977,0.190329969970805,0.172493489265038,0.154241456634986,0.135617842825944,0.116667513754815,0.097436122424183,0.077969998940234,0.058316038899474,0.038521590413122,0.018634340041373,-0.001297802087712,-0.021226817697893,-0.041104696044990,-0.060883549578969,-0.080515729309242,-0.099953939595265,-0.119151352085872,-0.138061718532878,-0.156639482207160,-0.174839887648807,-0.192619088486942,-0.209934253069473,-0.226743667648291,-0.243006836871344,-0.258684581339489,-0.273739131993094,-0.288134221101011,-0.301835169632719,-0.314808970803143,-0.327024369588894,-0.338451938024353,-0.349064146096222,-0.358835428065738,-0.367742244058772,-0.375763136775452,-0.382878783182676,-0.389072041064992,-0.394327990321697,-0.398633968910665,-0.401979603352315,-0.404356833720234,-0.405780860943183
-0.386663141580189,-0.388166762567269,-0.388712856604412,-0.388322507322770,-0.386996655107953,-0.384738494054078,-0.381553464268914,-0.377449238768189,-0.372435704990624,-0.366524940978221,-0.359731186279208,-0.352070807643719,-0.343562259594854,-0.334226039970126,-0.324084640540367,-0.313162492825083,-0.301485909234790,-0.289083019682102,-0.275983703814319,-0.262219519030730,-0.247823624458078,-0.232830701067320,-0.217276868124131,-0.201199596174425,-0.184637616774532,-0.167630829183483,-0.150220204242205,-0.132447685671171,-0.114356089024309,-0.095988998542576,-0.077390662155711,-0.058605884885092,-0.039679920904515,-0.020658364518928,-0.001587040323757,0.017488107190563,0.036521124322883,0.055466158867837,0.074277570577817,0.092910041114328,0.111318683223835,0.129459148875092,0.147287736097426,0.164761494262620,0.181838327556732,0.198477096392604,0.214637716518726,0.230281255585710,0.245370026937733,0.259867680402987,0.273739289864429,0.286951437399858,0.299472293788613,0.311271695190956,0.322321215815404,0.332594236398949,0.342066008335194,0.350713713295915,0.358516518202414,0.365455625414225,0.371514318014280,0.376678000081429,0.380934231853285,0.384272759694708,0.386685540799708,0.388166762567269,0.388712856604412,0.388322507322770,0.386996655107953,0.384738494054077,0.381553464268913,0.377449238768189,0.372435704990623,0.366524940978221,0.359731186279208,0.352070807643718,0.343562259594854,0.334226039970126,0.324084640540366,0.313162492825083,0.301485909234789,0.289083019682102,0.275983703814318,0.262219519030729,0.247823624458077,0.232830701067320,0.217276868124131,0.201199596174425,0.184637616774531,0.167630829183482,0.150220204242204,0.132447685671170,0.114356089024308,0.095988998542575,0.077390662155711,0.058605884885091,0.039679920904514,0.020658364518928,0.001587040323756,-0.017488107190563,-0.036521124322884,-0.055466158867838,-0.074277570577817,-0.092910041114328,-0.111318683223836,-0.129459148875092,-0.147287736097427,-0.164761494262620,-0.181838327556733,-0.198477096392604,-0.214637716518726,-0.230281255585711,-0.245370026937733,-0.259867680402987,-0.273739289864429,-0.286951437399858,-0.299472293788613,-0.311271695190957,-0.322321215815405,-0.332594236398949,-0.342066008335194,-0.350713713295916,-0.358516518202414,-0.365455625414225,-0.371514318014281,-0.376678000081429,-0.380934231853285,-0.384272759694708,-0.386685540799709,-0.388188867658618
-0.368059192196673,-0.369638483471816,-0.370303767778472,-0.370076957873770,-0.368958600162637,-0.366951388866756,-0.364060159533949,-0.360291877388921,-0.355655620553421,-0.350162558176255,-0.343825923525825,-0.336660982110027,-0.328684994900307,-0.319917176748466,-0.310378650096404,-0.300092394090300,-0.289083189221843,-0.277377557629854,-0.265003699206130,-0.251991423659435,-0.238372078701303,-0.224178474526652,-0.209444804771151,-0.194206564135757,-0.178500462876875,-0.162364338368128,-0.145837063946816,-0.128958455264638,-0.111769174368301,-0.094310631741087,-0.076624886541373,-0.058754545278434,-0.040742659169628,-0.022632620426247,-0.004468057717876,0.013707268932892,0.031849573572187,0.049915149799053,0.067860476058002,0.085642320486252,0.103217845063070,0.120544708810314,0.137581169795566,0.154286185692092,0.170619512653413,0.186541802264247,0.202014696334294,0.217000919306475,0.231464368057010,0.245370198871012,0.258684911384043,0.271376429287427,0.283414177602890,0.294769156340357,0.305414010361472,0.315323095280518,0.324472539243992,0.332840300439990,0.340406220198860,0.347152071557208,0.353061603168245,0.358120578452705,0.362316809896014,0.365640188409079,0.368082707681969,0.369638483471816,0.370303767778472,0.370076957873770,0.368958600162637,0.366951388866755,0.364060159533948,0.360291877388920,0.355655620553421,0.350162558176255,0.343825923525825,0.336660982110027,0.328684994900307,0.319917176748466,0.310378650096403,0.300092394090299,0.289083189221842,0.277377557629853,0.265003699206129,0.251991423659435,0.238372078701303,0.224178474526651,0.209444804771150,0.194206564135757,0.178500462876874,0.162364338368127,0.145837063946815,0.128958455264637,0.111769174368300,0.094310631741086,0.076624886541373,0.058754545278433,0.040742659169628,0.022632620426247,0.004468057717876,-0.013707268932893,-0.031849573572187,-0.049915149799053,-0.067860476058003,-0.085642320486253,-0.103217845063070,-0.120544708810315,-0.137581169795566,-0.154286185692093,-0.170619512653413,-0.186541802264247,-0.202014696334295,-0.217000919306475,-0.231464368057010,-0.245370198871012,-0.258684911384043,-0.271376429287427,-0.283414177602890,-0.294769156340358,-0.305414010361472,-0.315323095280518,-0.324472539243993,-0.332840300439990,-0.340406220198861,-0.347152071557209,-0.353061603168245,-0.358120578452705,-0.362316809896014,-0.365640188409080,-0.368082707681970,-0.369661712323990
-0.348568576511897,-0.350219733605626,-0.351002605388602,-0.350939881151000,-0.350031712001002,-0.348280285797636,-0.345689821880034,-0.342266560902670,-0.338018749801082,-0.332956621924277,-0.327092372381701,-0.320440128664150,-0.313015916609406,-0.304837621794593,-0.295924946448256,-0.286299361985960,-0.275984057283778,-0.265003882814251,-0.253385290779426,-0.241156271385183,-0.228346285410378,-0.214986193233247,-0.201108180486051,-0.186745680517067,-0.171933293846729,-0.156706704811935,-0.141102595599363,-0.125158557874865,-0.108913002221851,-0.092405065606833,-0.075674517095040,-0.058761662043260,-0.041707245000704,-0.024552351551818,-0.007338309337512,0.009893411506748,0.027101298256128,0.044243895604216,0.061279905532485,0.078168286800841,0.094868353819560,0.111339874664442,0.127543167999036,0.143439198670458,0.158989671748493,0.174157124781435,0.188905018046416,0.203197822576798,0.217001105754565,0.230281614261518,0.243007354189427,0.255147668116164,0.266673308962112,0.277556510448948,0.287771053991033,0.297292331858286,0.306097406458360,0.314165065595309,0.321475873571629,0.328012218010555,0.333758352285816,0.338700433456641,0.342826555616615,0.346126778576049,0.348593151808768,0.350219733605626,0.351002605388602,0.350939881151000,0.350031712001001,0.348280285797636,0.345689821880033,0.342266560902670,0.338018749801082,0.332956621924277,0.327092372381701,0.320440128664149,0.313015916609405,0.304837621794593,0.295924946448255,0.286299361985960,0.275984057283778,0.265003882814251,0.253385290779425,0.241156271385182,0.228346285410377,0.214986193233246,0.201108180486050,0.186745680517067,0.171933293846728,0.156706704811934,0.141102595599363,0.125158557874865,0.108913002221851,0.092405065606832,0.075674517095039,0.058761662043259,0.041707245000703,0.024552351551818,0.007338309337512,-0.009893411506749,-0.027101298256129,-0.044243895604216,-0.061279905532485,-0.078168286800841,-0.094868353819561,-0.111339874664442,-0.127543167999036,-0.143439198670458,-0.158989671748493,-0.174157124781435,-0.188905018046416,-0.203197822576798,-0.217001105754565,-0.230281614261518,-0.243007354189427,-0.255147668116164,-0.266673308962112,-0.277556510448948,-0.287771053991033,-0.297292331858286,-0.306097406458360,-0.314165065595309,-0.321475873571630,-0.328012218010555,-0.333758352285816,-0.338700433456641,-0.342826555616615,-0.346126778576049,-0.348593151808768,-0.350244030061246
-0.328238250856411,-0.329957296171987,-0.330855869354560,-0.330957381768307,-0.330261588860931,-0.328770166858491,-0.326486708727222,-0.323416715517772,-0.319567583112681,-0.314948584409056,-0.309570846979353,-0.303447326264072,-0.296592774360975,-0.289023704485983,-0.280758351191398,-0.271816626437266,-0.262220071621721,-0.251991805685874,-0.241156469418255,-0.229740166092995,-0.217770398584755,-0.205276003111890,-0.192287079767475,-0.178834920005540,-0.164951931257223,-0.150671558858425,-0.136028205477067,-0.121057148234051,-0.105794453717585,-0.090276891095614,-0.074541843535672,-0.058627218145558,-0.042571354651793,-0.026412933035862,-0.010190880350748,0.006055723057746,0.022287737698976,0.038466059227914,0.054551712650943,0.070505946220030,0.086290324789081,0.101866822407576,0.117197913928411,0.132246665409268,0.146976823089714,0.161352900729687,0.175340265098958,0.188905219411612,0.202015084504560,0.214638277564505,0.226744388213705,0.238304251771235,0.249290019513261,0.259675225763053,0.269434851649118,0.278545385377854,0.286984878875521,0.294733000663070,0.301771084836460,0.308082176034454,0.313651070285569,0.318464351635777,0.322510424468712,0.325779541440524,0.328263826962089,0.329957296171987,0.330855869354560,0.330957381768307,0.330261588860931,0.328770166858490,0.326486708727222,0.323416715517772,0.319567583112680,0.314948584409056,0.309570846979353,0.303447326264072,0.296592774360975,0.289023704485983,0.280758351191398,0.271816626437265,0.262220071621721,0.251991805685874,0.241156469418254,0.229740166092994,0.217770398584754,0.205276003111890,0.192287079767474,0.178834920005539,0.164951931257223,0.150671558858424,0.136028205477066,0.121057148234050,0.105794453717585,0.090276891095613,0.074541843535671,0.058627218145557,0.042571354651793,0.026412933035862,0.010190880350748,-0.006055723057747,-0.022287737698977,-0.038466059227914,-0.054551712650943,-0.070505946220030,-0.086290324789082,-0.101866822407576,-0.117197913928411,-0.132246665409268,-0.146976823089714,-0.161352900729687,-0.175340265098958,-0.188905219411612,-0.202015084504560,-0.214638277564506,-0.226744388213705,-0.238304251771235,-0.249290019513261,-0.259675225763053,-0.269434851649118,-0.278545385377854,-0.286984878875521,-0.294733000663070,-0.301771084836460,-0.308082176034454,-0.313651070285569,-0.318464351635777,-0.322510424468712,-0.325779541440524,-0.328263826962089,-0.329982601497086
-0.307117194652487,-0.308899987048361,-0.309912096813645,-0.310177601192611,-0.309695860561955,-0.308468035477052,-0.306497083876076,-0.303787753954068,-0.300346572724121,-0.296181830293228,-0.291303559890695,-0.285723513697206,-0.279455134532797,-0.272513523471919,-0.264915403463632,-0.256679079044552,-0.247824392241622,-0.238372674770929,-0.228346696647732,-0.217770611331503,-0.206669897538123,-0.195071297859428,-0.183002754337963,-0.170493341152149,-0.157573194574047,-0.144273440368434,-0.130626118808113,-0.116664107486086,-0.102421042110556,-0.087931235473558,-0.073229594788438,-0.058351537595317,-0.043332906437138,-0.028209882511838,-0.013018898508673,0.002203449161320,0.017420488529284,0.032595560414527,0.047692106739697,0.062673758602396,0.077504423891049,0.092148374233963,0.106570331072103,0.120735550648231,0.134609907707663,0.148159977708991,0.161353117346738,0.174157543191931,0.186542408261177,0.198477876329736,0.209935193809608,0.220886759019441,0.231306188679402,0.241168381470804,0.250449578507388,0.259127420572555,0.267181001984682,0.274590920960736,0.281339326356871,0.287409960673398,0.292788199220523,0.297461085350509,0.301417361671371,0.304647497166925,0.307143710157833,0.308899987048360,0.309912096813645,0.310177601192611,0.309695860561955,0.308468035477052,0.306497083876076,0.303787753954068,0.300346572724121,0.296181830293228,0.291303559890694,0.285723513697206,0.279455134532796,0.272513523471919,0.264915403463632,0.256679079044552,0.247824392241622,0.238372674770929,0.228346696647732,0.217770611331502,0.206669897538122,0.195071297859428,0.183002754337962,0.170493341152149,0.157573194574046,0.144273440368433,0.130626118808112,0.116664107486085,0.102421042110555,0.087931235473557,0.073229594788437,0.058351537595317,0.043332906437138,0.028209882511838,0.013018898508673,-0.002203449161321,-0.017420488529285,-0.032595560414528,-0.047692106739698,-0.062673758602397,-0.077504423891050,-0.092148374233963,-0.106570331072103,-0.120735550648232,-0.134609907707663,-0.148159977708992,-0.161353117346738,-0.174157543191932,-0.186542408261177,-0.198477876329736,-0.209935193809608,-0.220886759019441,-0.231306188679402,-0.241168381470804,-0.250449578507388,-0.259127420572556,-0.267181001984682,-0.274590920960736,-0.281339326356871,-0.287409960673398,-0.292788199220523,-0.297461085350509,-0.301417361671371,-0.304647497166925,-0.307143710157834,-0.308926240073825
-0.285256292428662,-0.287098537194886,-0.288221745200684,-0.288650601777050,-0.288384073770929,-0.287422803271631,-0.285769106063988,-0.283426966049419,-0.280402025648368,-0.276701572207212,-0.272334520442414,-0.267311390964183,-0.261644284931407,-0.255346854898899,-0.248434271927196,-0.240923189034149,-0.232831701076339,-0.224179301156988,-0.214986833665362,-0.205276444060813,-0.195071525522429,-0.184396662592814,-0.173277571951772,-0.161741040462576,-0.149814860640064,-0.137527763696038,-0.124909350323258,-0.111990019384783,-0.098800894680443,-0.085373749966881,-0.071740932411792,-0.057935284666759,-0.043990065746432,-0.029938870904648,-0.015815550700519,-0.001654129449474,0.012511276744300,0.026646542176539,0.040717613754712,0.054690593034909,0.068531817886154,0.082207943585434,0.095686023148050,0.108933586699798,0.121918719699730,0.134610139825086,0.146977272333149,0.158990323718472,0.170620353488050,0.181839343881497,0.192620267368288,0.202937151759447,0.212765142776821,0.222080563929221,0.230860973551155,0.239085218866772,0.246733486948746,0.253787352449360,0.260229821988777,0.266045375093582,0.271220001586964,0.275741235340457,0.279598184305935,0.282781556755511,0.285283683666124,0.287098537194886,0.288221745200684,0.288650601777050,0.288384073770928,0.287422803271631,0.285769106063988,0.283426966049419,0.280402025648367,0.276701572207212,0.272334520442414,0.267311390964183,0.261644284931407,0.255346854898899,0.248434271927196,0.240923189034148,0.232831701076338,0.224179301156987,0.214986833665361,0.205276444060812,0.195071525522428,0.184396662592813,0.173277571951772,0.161741040462576,0.149814860640063,0.137527763696037,0.124909350323258,0.111990019384782,0.098800894680442,0.085373749966881,0.071740932411791,0.057935284666759,0.043990065746432,0.029938870904648,0.015815550700518,0.001654129449473,-0.012511276744301,-0.026646542176539,-0.040717613754712,-0.054690593034909,-0.068531817886155,-0.082207943585434,-0.095686023148051,-0.108933586699798,-0.121918719699730,-0.134610139825087,-0.146977272333149,-0.158990323718472,-0.170620353488050,-0.181839343881497,-0.192620267368289,-0.202937151759447,-0.212765142776822,-0.222080563929221,-0.230860973551155,-0.239085218866772,-0.246733486948746,-0.253787352449360,-0.260229821988777,-0.266045375093582,-0.271220001586964,-0.275741235340457,-0.279598184305935,-0.282781556755511,-0.285283683666124,-0.287125674463802
-0.262708211245521,-0.264605470450089,-0.265837070702669,-0.266428246167348,-0.266377572650653,-0.265685172229522,-0.264352712957217,-0.262383404844836,-0.259781992128111,-0.256554741838135,-0.252709428703529,-0.248255316420445,-0.243203135335506,-0.237565056595465,-0.231354662825845,-0.224586915409202,-0.217278118441847,-0.209445879455851,-0.201109067000953,-0.192287765188576,-0.183003225307441,-0.173277814627350,-0.163134962514479,-0.152599103987975,-0.141695620853861,-0.130450780558039,-0.118891672905714,-0.107046144799679,-0.094942733154686,-0.082610596149522,-0.070079442982401,-0.057379462298901,-0.044541249464875,-0.031595732859536,-0.018574099366279,-0.005507719240749,0.007571929462851,0.020633336725152,0.033645036472015,0.046575682379060,0.059394123387706,0.072069478750800,0.084571212427043,0.096869206644985,0.108933834459380,0.120736031125084,0.132247364116581,0.143440101624421,0.154287279363578,0.164762765532778,0.174841323768296,0.184498673940565,0.193711550647136,0.202457759261071,0.210716229399739,0.218467065685223,0.225691595674015,0.232372414840580,0.238493428506374,0.244039890613338,0.248998439248446,0.253357128833717,0.257105458904163,0.260234399404331,0.262736412442493,0.264605470450089,0.265837070702668,0.266428246167348,0.266377572650652,0.265685172229521,0.264352712957217,0.262383404844835,0.259781992128111,0.256554741838135,0.252709428703529,0.248255316420444,0.243203135335506,0.237565056595465,0.231354662825844,0.224586915409201,0.217278118441847,0.209445879455850,0.201109067000953,0.192287765188576,0.183003225307440,0.173277814627350,0.163134962514478,0.152599103987974,0.141695620853860,0.130450780558038,0.118891672905714,0.107046144799678,0.094942733154686,0.082610596149522,0.070079442982400,0.057379462298900,0.044541249464875,0.031595732859535,0.018574099366278,0.005507719240749,-0.007571929462851,-0.020633336725152,-0.033645036472015,-0.046575682379060,-0.059394123387706,-0.072069478750800,-0.084571212427043,-0.096869206644985,-0.108933834459380,-0.120736031125085,-0.132247364116582,-0.143440101624421,-0.154287279363578,-0.164762765532778,-0.174841323768296,-0.184498673940566,-0.193711550647137,-0.202457759261071,-0.210716229399740,-0.218467065685223,-0.225691595674015,-0.232372414840580,-0.238493428506374,-0.244039890613339,-0.248998439248446,-0.253357128833717,-0.257105458904163,-0.260234399404331,-0.262736412442493,-0.264633426370635
-0.239527273828057,-0.241474977008240,-0.242812002380881,-0.243564072371968,-0.243729375179017,-0.243307512573088,-0.242299500858149,-0.240707768422713,-0.238536149889637,-0.235789876878177,-0.232475565400564,-0.228601199923446,-0.224176114132612,-0.219210968447324,-0.213717724338434,-0.207709615512150,-0.201201116028884,-0.194207905433968,-0.186746830984259,-0.178835867061617,-0.170494071871052,-0.161741541527833,-0.152599361644188,-0.143089556532216,-0.133235036145393,-0.123059540886485,-0.112587584414838,-0.101844394590829,-0.090855852699735,-0.079648431101454,-0.068249129456272,-0.056685409680311,-0.044985129787375,-0.033176476776550,-0.021287898727253,-0.009348036265323,0.002614346434762,0.014570430945295,0.026491414011463,0.038348576940902,0.050113354789553,0.061757405177104,0.073252676566274,0.084571475841419,0.095686535023675,0.106571076961909,0.117198879841218,0.127544340353579,0.137582535378464,0.147289282024816,0.156641195889752,0.165615747393642,0.174191316055834,0.182347242580290,0.190063878625638,0.197322634139748,0.204106022144793,0.210397700864916,0.216182513094992,0.221446522715672,0.226177048266704,0.230362693497692,0.233993374822656,0.237060345612273,0.239556217265275,0.241474977008240,0.242812002380881,0.243564072371968,0.243729375179017,0.243307512573088,0.242299500858149,0.240707768422713,0.238536149889637,0.235789876878177,0.232475565400564,0.228601199923446,0.224176114132612,0.219210968447324,0.213717724338434,0.207709615512150,0.201201116028884,0.194207905433968,0.186746830984258,0.178835867061617,0.170494071871052,0.161741541527833,0.152599361644187,0.143089556532215,0.133235036145392,0.123059540886484,0.112587584414838,0.101844394590828,0.090855852699734,0.079648431101454,0.068249129456271,0.056685409680311,0.044985129787375,0.033176476776549,0.021287898727253,0.009348036265323,-0.002614346434762,-0.014570430945296,-0.026491414011463,-0.038348576940903,-0.050113354789553,-0.061757405177105,-0.073252676566274,-0.084571475841419,-0.095686535023675,-0.106571076961909,-0.117198879841218,-0.127544340353579,-0.137582535378465,-0.147289282024816,-0.156641195889752,-0.165615747393642,-0.174191316055834,-0.182347242580290,-0.190063878625639,-0.197322634139748,-0.204106022144793,-0.210397700864916,-0.216182513094993,-0.221446522715672,-0.226177048266704,-0.230362693497693,-0.233993374822656,-0.237060345612273,-0.239556217265276,-0.241503684011760
-0.215769327710297,-0.217762782883226,-0.219202012263829,-0.220113164797061,-0.220494045436660,-0.220343736607805,-0.219662600417630,-0.218452277782877,-0.216715684476786,-0.214457004104738,-0.211681678025587,-0.208396392242946,-0.204609061298025,-0.200328809202799,-0.195565947459473,-0.190331950219162,-0.184639426639664,-0.178502090508887,-0.171934727207138,-0.164953158087843,-0.157574202362524,-0.149815636581844,-0.141696151810339,-0.133235308598005,-0.124453489857224,-0.115371851758538,-0.106012272763586,-0.096397300917967,-0.086550099531031,-0.076494391373431,-0.066254401526896,-0.055854799023881,-0.045320637417716,-0.034677294426392,-0.023950410795423,-0.013165828527040,-0.002349528624544,0.008472431498202,0.019273980791372,0.030029097376614,0.040711871236038,0.051296566631715,0.061757684105328,0.072070021908597,0.082208736716499,0.092149403477017,0.101868074253224,0.111341335915966,0.120546366548137,0.129460990424678,0.138063731435843,0.146333864825025,0.154251467116510,0.161797464112879,0.168953676846416,0.175702865373835,0.182028770308815,0.187916151992285,0.193350827206094,0.198319703341631,0.202810809941063,0.206813327535219,0.210317613708634,0.213315226328978,0.215798943884889,0.217762782883225,0.219202012263829,0.220113164797061,0.220494045436660,0.220343736607805,0.219662600417630,0.218452277782877,0.216715684476786,0.214457004104738,0.211681678025586,0.208396392242946,0.204609061298024,0.200328809202799,0.195565947459472,0.190331950219162,0.184639426639664,0.178502090508887,0.171934727207137,0.164953158087843,0.157574202362524,0.149815636581844,0.141696151810338,0.133235308598004,0.124453489857223,0.115371851758538,0.106012272763585,0.096397300917967,0.086550099531031,0.076494391373431,0.066254401526895,0.055854799023881,0.045320637417716,0.034677294426392,0.023950410795423,0.013165828527039,0.002349528624544,-0.008472431498203,-0.019273980791372,-0.030029097376615,-0.040711871236038,-0.051296566631715,-0.061757684105328,-0.072070021908597,-0.082208736716500,-0.092149403477017,-0.101868074253224,-0.111341335915966,-0.120546366548137,-0.129460990424678,-0.138063731435844,-0.146333864825025,-0.154251467116510,-0.161797464112879,-0.168953676846416,-0.175702865373835,-0.182028770308816,-0.187916151992285,-0.193350827206094,-0.198319703341631,-0.202810809941064,-0.206813327535219,-0.210317613708635,-0.213315226328979,-0.215798943884889,-0.217792171587103
-0.191491610707480,-0.193526015673443,-0.195063981723982,-0.196132021556962,-0.196727562170875,-0.196849168856219,-0.196496548651837,-0.195670551050688,-0.194373165953342,-0.192607518874136,-0.190377863411536,-0.187689571000846,-0.184549117973950,-0.180964069957262,-0.176943063645465,-0.172495785994965,-0.167632950887157,-0.162366273317749,-0.156708441174313,-0.150673084670050,-0.144274743507412,-0.137528831850691,-0.130451601191938,-0.123060101199703,-0.115372138644886,-0.107406234502668,-0.099181579333857,-0.090717987053152,-0.082035847195677,-0.073156075796817,-0.064100065003647,-0.054889631539381,-0.045546964144972,-0.036094570124495,-0.026555221123078,-0.016951898268012,-0.007307736805207,0.002354029635643,0.012010125012913,0.021637286947063,0.031212322761756,0.040712165357039,0.050113928780012,0.059394963359093,0.068532910269057,0.077505755395409,0.086291882368311,0.094870124638311,0.103219816468417,0.111320842719661,0.119153687310240,0.126699480231458,0.133940043007235,0.140857932487645,0.147436482870995,0.153659845853198,0.159513028807727,0.164981930904168,0.170053377078350,0.174715149772233,0.178956018367075,0.182765766238976,0.186135215371616,0.189056248466906,0.191521828500268,0.193526015673442,0.195063981723982,0.196132021556962,0.196727562170875,0.196849168856219,0.196496548651837,0.195670551050688,0.194373165953342,0.192607518874136,0.190377863411536,0.187689571000846,0.184549117973950,0.180964069957261,0.176943063645465,0.172495785994965,0.167632950887157,0.162366273317749,0.156708441174313,0.150673084670049,0.144274743507412,0.137528831850690,0.130451601191937,0.123060101199702,0.115372138644885,0.107406234502667,0.099181579333857,0.090717987053151,0.082035847195677,0.073156075796817,0.064100065003647,0.054889631539380,0.045546964144972,0.036094570124495,0.026555221123077,0.016951898268011,0.007307736805207,-0.002354029635643,-0.012010125012913,-0.021637286947063,-0.031212322761756,-0.040712165357039,-0.050113928780012,-0.059394963359093,-0.068532910269057,-0.077505755395409,-0.086291882368311,-0.094870124638311,-0.103219816468417,-0.111320842719662,-0.119153687310240,-0.126699480231459,-0.133940043007235,-0.140857932487646,-0.147436482870995,-0.153659845853198,-0.159513028807727,-0.164981930904168,-0.170053377078350,-0.174715149772233,-0.178956018367076,-0.182765766238976,-0.186135215371616,-0.189056248466906,-0.191521828500269,-0.193556015048379
-0.166752613039941,-0.168823066951166,-0.170456064460288,-0.171678418379936,-0.172487183952454,-0.172880412790737,-0.172857157572071,-0.172417474320316,-0.171562422270936,-0.170294061319212,-0.168615447057771,-0.166530623415400,-0.164044612914861,-0.161163404573199,-0.157893939473673,-0.154244094044080,-0.150222661081747,-0.145839328570917,-0.141104656343544,-0.136030050639730,-0.130627736629100,-0.124910728959293,-0.118892800402534,-0.112588448675827,-0.106012861514676,-0.099181880084506,-0.092111960817906,-0.084820135769641,-0.077323971584940,-0.069641527179911,-0.061791310236029,-0.053792232613508,-0.045663564790978,-0.037424889441211,-0.029096054254747,-0.020697124125069,-0.012248332810521,-0.003770034189404,0.004717346774290,0.013193363236415,0.021637595730901,0.030029701362041,0.038349462812310,0.046576837047647,0.054692003602887,0.062675412330994,0.070507830501078,0.078170389131729,0.085644628448043,0.092912542352843,0.099956621804938,0.106759896999938,0.113305978252002,0.119579095478027,0.125564136189152,0.131246681898079,0.136613042854462,0.141650291024718,0.146346291236797,0.150689730414864,0.154670144833501,0.158277945325729,0.161504440384157,0.164341857099581,0.166783359886605,0.168823066951166,0.170456064460287,0.171678418379936,0.172487183952453,0.172880412790737,0.172857157572071,0.172417474320316,0.171562422270936,0.170294061319211,0.168615447057771,0.166530623415400,0.164044612914861,0.161163404573199,0.157893939473673,0.154244094044079,0.150222661081747,0.145839328570917,0.141104656343543,0.136030050639730,0.130627736629100,0.124910728959292,0.118892800402534,0.112588448675826,0.106012861514675,0.099181880084506,0.092111960817906,0.084820135769640,0.077323971584940,0.069641527179911,0.061791310236028,0.053792232613507,0.045663564790978,0.037424889441210,0.029096054254746,0.020697124125069,0.012248332810520,0.003770034189404,-0.004717346774291,-0.013193363236415,-0.021637595730901,-0.030029701362042,-0.038349462812310,-0.046576837047647,-0.054692003602887,-0.062675412330994,-0.070507830501079,-0.078170389131729,-0.085644628448044,-0.092912542352843,-0.099956621804938,-0.106759896999938,-0.113305978252003,-0.119579095478027,-0.125564136189153,-0.131246681898079,-0.136613042854462,-0.141650291024719,-0.146346291236797,-0.150689730414864,-0.154670144833501,-0.158277945325729,-0.161504440384157,-0.164341857099581,-0.166783359886606,-0.168853604492473
-0.141611936440909,-0.143713451607969,-0.145437546416611,-0.146811269437110,-0.147831311250387,-0.148495214486368,-0.148801379744007,-0.148749069444380,-0.148338409607583,-0.147570389549131,-0.146446859496615,-0.144970526132342,-0.143144946072698,-0.140974517299949,-0.138464468567114,-0.135620846801446,-0.132450502536851,-0.128961073410350,-0.125160965762347,-0.121059334385018,-0.116666060467609,-0.111991727791794,-0.107047597234412,-0.101845579639030,-0.096398207121678,-0.090718602879884,-0.084820449577742,-0.078717956383173,-0.072425824736798,-0.065959212934879,-0.059333699611656,-0.052565246209049,-0.045670158524153,-0.038665047427140,-0.031566788844215,-0.024392483102042,-0.017159413731546,-0.009885005830383,-0.002586784084351,0.004717669451116,0.012010757707655,0.019274910996860,0.026492629337189,0.033646524612966,0.040719362463862,0.047694103803988,0.054553945870540,0.061282362703128,0.067863144956264,0.074280438949090,0.080518784858290,0.086563153962154,0.092398984846086,0.098012218482329,0.103389332099391,0.108517371759590,0.113383983566221,0.117977443425177,0.122286685289318,0.126301327817549,0.130011699384377,0.133408861379709,0.136484629742740,0.139231594678080,0.141643138506592,0.143713451607969,0.145437546416611,0.146811269437110,0.147831311250387,0.148495214486368,0.148801379744006,0.148749069444380,0.148338409607583,0.147570389549131,0.146446859496615,0.144970526132342,0.143144946072698,0.140974517299948,0.138464468567114,0.135620846801446,0.132450502536850,0.128961073410349,0.125160965762347,0.121059334385017,0.116666060467609,0.111991727791794,0.107047597234411,0.101845579639029,0.096398207121678,0.090718602879884,0.084820449577742,0.078717956383172,0.072425824736798,0.065959212934879,0.059333699611655,0.052565246209049,0.045670158524153,0.038665047427139,0.031566788844215,0.024392483102041,0.017159413731545,0.009885005830383,0.002586784084351,-0.004717669451116,-0.012010757707656,-0.019274910996860,-0.026492629337190,-0.033646524612966,-0.040719362463862,-0.047694103803988,-0.054553945870540,-0.061282362703128,-0.067863144956264,-0.074280438949090,-0.080518784858290,-0.086563153962154,-0.092398984846086,-0.098012218482329,-0.103389332099392,-0.108517371759591,-0.113383983566222,-0.117977443425178,-0.122286685289319,-0.126301327817549,-0.130011699384377,-0.133408861379709,-0.136484629742740,-0.139231594678080,-0.141643138506593,-0.143744453510445
-0.116130150587724,-0.118257664495104,-0.120068702973636,-0.121590485429928,-0.122819345756751,-0.123752323521942,-0.124387171100345,-0.124722359088538,-0.124757079989298,-0.124491250156934,-0.123925509998796,-0.123061222432479,-0.121900469602432,-0.120446047863892,-0.118701461046221,-0.116670912011869,-0.114359292531316,-0.111772171498363,-0.108915781514185,-0.105797003872444,-0.102423351981651,-0.098802953264708,-0.094944529579234,-0.090857376205845,-0.086551339455009,-0.082036792946425,-0.077324612618058,-0.072426150525058,-0.067353207491662,-0.062118004681974,-0.056733154158112,-0.051211628496646,-0.045566729536523,-0.039812056333773,-0.033961472400190,-0.028029072304921,-0.022029147719413,-0.015976152987523,-0.009884670303741,-0.003769374583402,0.002355001890466,0.008473704958507,0.014571994129093,0.020635178089467,0.026648650098395,0.032597923175090,0.038468664999615,0.044246732440699,0.049918205627778,0.055469421485180,0.060887006647678,0.066157909678089,0.071269432509337,0.076209261035205,0.080965494776097,0.085526675548333,0.089881815067921,0.094020421422293,0.097932524346243,0.101608699241166,0.105040089879747,0.108218429741382,0.111136061926955,0.113785957604977,0.116161732944655,0.118257664495104,0.120068702973636,0.121590485429928,0.122819345756751,0.123752323521942,0.124387171100345,0.124722359088537,0.124757079989297,0.124491250156934,0.123925509998796,0.123061222432479,0.121900469602432,0.120446047863892,0.118701461046221,0.116670912011869,0.114359292531315,0.111772171498363,0.108915781514185,0.105797003872444,0.102423351981651,0.098802953264708,0.094944529579233,0.090857376205844,0.086551339455009,0.082036792946424,0.077324612618057,0.072426150525057,0.067353207491661,0.062118004681973,0.056733154158112,0.051211628496646,0.045566729536523,0.039812056333772,0.033961472400189,0.028029072304921,0.022029147719412,0.015976152987523,0.009884670303741,0.003769374583402,-0.002355001890467,-0.008473704958507,-0.014571994129094,-0.020635178089467,-0.026648650098395,-0.032597923175090,-0.038468664999615,-0.044246732440700,-0.049918205627778,-0.055469421485181,-0.060887006647678,-0.066157909678089,-0.071269432509337,-0.076209261035205,-0.080965494776097,-0.085526675548333,-0.089881815067921,-0.094020421422293,-0.097932524346243,-0.101608699241166,-0.105040089879747,-0.108218429741382,-0.111136061926955,-0.113785957604977,-0.116161732944656,-0.118289055831088
-0.090368647202390,-0.092517034704291,-0.094410653758336,-0.096076829278081,-0.097511547300759,-0.098711351464986,-0.099673351337441,-0.100395229376170,-0.100875246513748,-0.101112246346846,-0.101105657922108,-0.100855497111625,-0.100362366574703,-0.099627454305997,-0.098652530773534,-0.097439944653496,-0.095992617172056,-0.094314035067889,-0.092408242192310,-0.090279829767283,-0.087933925324767,-0.085376180354042,-0.082612756686774,-0.079650311652625,-0.076495982041161,-0.073157366908703,-0.069642509271534,-0.065959876729566,-0.062118341067154,-0.058127156880187,-0.053995939280958,-0.049734640734515,-0.045353527082303,-0.040863152810850,-0.036274335625086,-0.031598130387544,-0.026845802486230,-0.022028800695312,-0.017158729594024,-0.012247321610216,-0.007306408755911,-0.002347894122947,0.002616276792610,0.007574144868216,0.012513766165416,0.017423240703848,0.022290741129329,0.027104541206991,0.031853044070808,0.036524810161461,0.041108584785240,0.045593325227584,0.049968227355951,0.054222751647918,0.058346648581813,0.062329983328712,0.066163159686310,0.069836943197015,0.073342483394565,0.076671335125575,0.079815478894651,0.082767340184060,0.085519807701403,0.088066250511342,0.090400534010107,0.092517034704290,0.094410653758336,0.096076829278081,0.097511547300758,0.098711351464986,0.099673351337441,0.100395229376169,0.100875246513747,0.101112246346845,0.101105657922107,0.100855497111625,0.100362366574703,0.099627454305997,0.098652530773533,0.097439944653495,0.095992617172056,0.094314035067889,0.092408242192309,0.090279829767282,0.087933925324767,0.085376180354042,0.082612756686774,0.079650311652624,0.076495982041161,0.073157366908703,0.069642509271534,0.065959876729566,0.062118341067153,0.058127156880186,0.053995939280957,0.049734640734515,0.045353527082303,0.040863152810849,0.036274335625085,0.031598130387544,0.026845802486230,0.022028800695312,0.017158729594023,0.012247321610216,0.007306408755911,0.002347894122947,-0.002616276792611,-0.007574144868216,-0.012513766165417,-0.017423240703849,-0.022290741129329,-0.027104541206991,-0.031853044070808,-0.036524810161461,-0.041108584785240,-0.045593325227584,-0.049968227355951,-0.054222751647918,-0.058346648581813,-0.062329983328712,-0.066163159686310,-0.069836943197015,-0.073342483394565,-0.076671335125575,-0.079815478894651,-0.082767340184060,-0.085519807701403,-0.088066250511342,-0.090400534010107,-0.092548739604457
-0.064389492173055,-0.066553577840036,-0.068525215420866,-0.070331769755647,-0.071968888696751,-0.073432628281254,-0.074719462232290,-0.075826290454156,-0.076750446500719,-0.077489703999117,-0.078042282013284,-0.078406849334385,-0.078582527687811,-0.078568893849020,-0.078365980663124,-0.077974276965762,-0.077394726405449,-0.076628725170248,-0.075678118624229,-0.074545196861823,-0.073232689190789,-0.071743757557068,-0.070081988927382,-0.068251386647912,-0.066256360799892,-0.064101717575333,-0.061792647698488,-0.059334713920940,-0.056733837620450,-0.053996284535835,-0.051128649672257,-0.048137841413278,-0.045031064877957,-0.041815804563090,-0.038499806312398,-0.035091058656116,-0.031597773565916,-0.028028366671559,-0.024391436986894,-0.020695746194091,-0.016950197535973,-0.013163814367329,-0.009345718416860,-0.005505107812136,-0.001651234920503,0.002206615940685,0.006059150870796,0.009897088775739,0.013711183726939,0.017492247235584,0.021231170388497,0.024918945792314,0.028546689273076,0.032105661278984,0.035587287934747,0.038983181696797,0.042285161559615,0.045485272764495,0.048575805963245,0.051549315790691,0.054398638801211,0.057116910726101,0.059697583010201,0.062134438587939,0.064421606860784,0.066553577840035,0.068525215420865,0.070331769755646,0.071968888696750,0.073432628281254,0.074719462232289,0.075826290454155,0.076750446500719,0.077489703999116,0.078042282013284,0.078406849334385,0.078582527687810,0.078568893849019,0.078365980663124,0.077974276965762,0.077394726405449,0.076628725170248,0.075678118624228,0.074545196861822,0.073232689190788,0.071743757557068,0.070081988927381,0.068251386647911,0.066256360799891,0.064101717575332,0.061792647698487,0.059334713920940,0.056733837620450,0.053996284535834,0.051128649672257,0.048137841413277,0.045031064877957,0.041815804563090,0.038499806312398,0.035091058656115,0.031597773565916,0.028028366671558,0.024391436986894,0.020695746194091,0.016950197535973,0.013163814367329,0.009345718416859,0.005505107812136,0.001651234920502,-0.002206615940686,-0.006059150870796,-0.009897088775740,-0.013711183726940,-0.017492247235584,-0.021231170388498,-0.024918945792315,-0.028546689273076,-0.032105661278984,-0.035587287934747,-0.038983181696797,-0.042285161559616,-0.045485272764495,-0.048575805963245,-0.051549315790691,-0.054398638801211,-0.057116910726101,-0.059697583010201,-0.062134438587939,-0.064421606860784,-0.066585519676498
-0.038255276052728,-0.040429846639460,-0.042474752733640,-0.044417333428136,-0.046252908875905,-0.047977057014915,-0.049585624221283,-0.051074735315714,-0.052440802899150,-0.053680535995131,-0.054790947978040,-0.055769363768150,-0.056613426276123,-0.057321102081446,-0.057890686331119,-0.058320806846796,-0.058610427430479,-0.058758850360815,-0.058765718073964,-0.058631014025004,-0.058355062727788,-0.057938528973160,-0.057382416227421,-0.056688064214883,-0.055857145690364,-0.054891662409369,-0.053793940305688,-0.052566623888017,-0.051212669869108,-0.049735340042785,-0.048138193425996,-0.046425077684837,-0.044600119865179,-0.042667716450256,-0.040632522769154,-0.038499441781712,-0.036273612266865,-0.033960396442875,-0.031565367049274,-0.029094293921651,-0.026553130091613,-0.023947997445404,-0.021285171975752,-0.018571068662450,-0.015812226018106,-0.013015290336298,-0.010186999680064,-0.007334167649326,-0.004463666966323,-0.001582412918627,0.001302653300393,0.004184581313514,0.007056428303724,0.009911275740080,0.012742246045053,0.015542519163215,0.018305348991348,0.021024079630403,0.023692161420135,0.026303166717819,0.028850805382993,0.031328939930969,0.033731600318559,0.036052998326443,0.038287541503488,0.040429846639459,0.042474752733640,0.044417333428136,0.046252908875905,0.047977057014915,0.049585624221283,0.051074735315713,0.052440802899150,0.053680535995131,0.054790947978040,0.055769363768149,0.056613426276122,0.057321102081445,0.057890686331119,0.058320806846795,0.058610427430478,0.058758850360814,0.058765718073964,0.058631014025004,0.058355062727787,0.057938528973160,0.057382416227421,0.056688064214883,0.055857145690364,0.054891662409369,0.053793940305687,0.052566623888017,0.051212669869108,0.049735340042784,0.048138193425996,0.046425077684837,0.044600119865178,0.042667716450255,0.040632522769153,0.038499441781712,0.036273612266865,0.033960396442874,0.031565367049273,0.029094293921651,0.026553130091612,0.023947997445404,0.021285171975752,0.018571068662450,0.015812226018106,0.013015290336297,0.010186999680064,0.007334167649325,0.004463666966322,0.001582412918626,-0.001302653300394,-0.004184581313514,-0.007056428303724,-0.009911275740080,-0.012742246045053,-0.015542519163215,-0.018305348991349,-0.021024079630403,-0.023692161420136,-0.026303166717819,-0.028850805382994,-0.031328939930969,-0.033731600318559,-0.036052998326443,-0.038287541503488,-0.040461948210737
-0.012028963295511,-0.014208780299590,-0.016322028371401,-0.018395955247224,-0.020425564655562,-0.022405967089576,-0.024332391586340,-0.026200197220507,-0.028004884284704,-0.029742105129720,-0.031407674638378,-0.032997580307846,-0.034507991916104,-0.035935270749294,-0.037275978367691,-0.038526884889210,-0.039684976770474,-0.040747464066705,-0.041711787152942,-0.042575622890408,-0.043336890223146,-0.043993755191473,-0.044544635350146,-0.044988203580612,-0.045323391288150,-0.045549390976215,-0.045665658191763,-0.045671912836888,-0.045568139843601,-0.045354589210134,-0.045031775398667,-0.044600476095946,-0.044061730339770,-0.043416836015854,-0.042667346731110,-0.041815068070873,-0.040862053249085,-0.039810598161927,-0.038663235856801,-0.037422730429996,-0.036092070367741,-0.034674461346678,-0.033173318511107,-0.031592258245603,-0.029935089462831,-0.028205804427538,-0.026408569138843,-0.024547713293974,-0.022627719857655,-0.020653214262245,-0.018628953264669,-0.016559813486975,-0.014450779668122,-0.012306932655310,-0.010133437163771,-0.007935529334521,-0.005718504120033,-0.003487702528239,-0.001248498755567,0.000993712759963,0.003233530334414,0.005465558051067,0.007684418759648,0.009884767030361,0.012061302031495,0.014208780299590,0.016322028371401,0.018395955247224,0.020425564655562,0.022405967089576,0.024332391586340,0.026200197220507,0.028004884284703,0.029742105129720,0.031407674638378,0.032997580307845,0.034507991916104,0.035935270749294,0.037275978367691,0.038526884889209,0.039684976770474,0.040747464066704,0.041711787152942,0.042575622890407,0.043336890223145,0.043993755191473,0.044544635350146,0.044988203580611,0.045323391288150,0.045549390976215,0.045665658191763,0.045671912836887,0.045568139843601,0.045354589210134,0.045031775398666,0.044600476095946,0.044061730339770,0.043416836015854,0.042667346731110,0.041815068070872,0.040862053249085,0.039810598161927,0.038663235856800,0.037422730429995,0.036092070367741,0.034674461346678,0.033173318511107,0.031592258245603,0.029935089462830,0.028205804427538,0.026408569138842,0.024547713293974,0.022627719857655,0.020653214262245,0.018628953264669,0.016559813486974,0.014450779668122,0.012306932655310,0.010133437163771,0.007935529334521,0.005718504120033,0.003487702528238,0.001248498755567,-0.000993712759963,-0.003233530334415,-0.005465558051067,-0.007684418759648,-0.009884767030361,-0.012061302031495,-0.014240964016991
0.014226259406375,0.012046447124794,0.009869948265737,0.007669671836802,0.005450918496629,0.003219033416353,0.000979393402623,-0.001262606055599,-0.003501563785241,-0.005732085941024,-0.007948798999704,-0.010146362705361,-0.012319482934544,-0.014462924450279,-0.016571523514210,-0.018640200326502,-0.020663971263518,-0.022637960883810,-0.024557413673482,-0.026417705502640,-0.028214354765323,-0.029943033176092,-0.031599576197239,-0.033179993071531,-0.034680476436290,-0.036097411495663,-0.037427384728983,-0.038667192114239,-0.039813846846845,-0.040864586535117,-0.041816879855110,-0.042668432648807,-0.043417193450939,-0.044061358431151,-0.044599375739582,-0.045029949245414,-0.045352041659355,-0.045564877032570,-0.045667942626001,-0.045660990145606,-0.045544036340521,-0.045317362962704,-0.044981516088179,-0.044537304801481,-0.043985799246510,-0.043328328048453,-0.042566475113013,-0.041702075810644,-0.040737212554976,-0.039674209786105,-0.038515628370809,-0.037264259433197,-0.035923117630646,-0.034495433891230,-0.032984647630127,-0.031394398463769,-0.029728517441688,-0.027991017817178,-0.026186085379024,-0.024318068367561,-0.022391466999389,-0.020410922625956,-0.018381206552130,-0.016307208541717,-0.014193925037584,-0.012046447124795,-0.009869948265737,-0.007669671836803,-0.005450918496629,-0.003219033416353,-0.000979393402623,0.001262606055598,0.003501563785241,0.005732085941024,0.007948798999704,0.010146362705360,0.012319482934544,0.014462924450278,0.016571523514210,0.018640200326501,0.020663971263518,0.022637960883810,0.024557413673482,0.026417705502639,0.028214354765323,0.029943033176092,0.031599576197239,0.033179993071531,0.034680476436290,0.036097411495662,0.037427384728982,0.038667192114238,0.039813846846845,0.040864586535116,0.041816879855110,0.042668432648806,0.043417193450938,0.044061358431150,0.044599375739582,0.045029949245414,0.045352041659355,0.045564877032569,0.045667942626000,0.045660990145606,0.045544036340520,0.045317362962704,0.044981516088179,0.044537304801481,0.043985799246510,0.043328328048452,0.042566475113013,0.041702075810644,0.040737212554976,0.039674209786105,0.038515628370809,0.037264259433197,0.035923117630646,0.034495433891230,0.032984647630127,0.031394398463769,0.029728517441687,0.027991017817178,0.026186085379024,0.024318068367561,0.022391466999389,0.020410922625955,0.018381206552130,0.016307208541717,0.014193925037584,0.012014259049815
0.040447135319280,0.038272578887440,0.036038072821955,0.033716747882479,0.031314196344116,0.028836206163961,0.026288747037403,0.023677956016610,0.021010122725828,0.018291674209131,0.015529159447103,0.012729233579772,0.009898641873799,0.007044203472534,0.004172794968103,0.001291333835101,-0.001593238234218,-0.004473972053079,-0.007343927681390,-0.010196191144665,-0.013023891090392,-0.015820215341724,-0.018578427308610,-0.021291882216832,-0.023954043115845,-0.026558496626865,-0.029098968393262,-0.031569338196030,-0.033963654697938,-0.036276149780812,-0.038501252441450,-0.040633602212645,-0.042668062077026,-0.044599730842582,-0.046423954950064,-0.048136339683813,-0.049732759759019,-0.051209369259889,-0.052562610904802,-0.053789224616104,-0.054886255373926,-0.055851060335084,-0.056681315199919,-0.057375019811742,-0.057930502975379,-0.058346426483236,-0.058621788339152,-0.058755925172296,-0.058748513835289,-0.058599572182691,-0.058309459027988,-0.057878873279182,-0.057308852255055,-0.056600769186184,-0.055756329906701,-0.054777568744795,-0.053666843621834,-0.052426830371928,-0.051060516295609,-0.049571192963160,-0.047962448284939,-0.046238157867785,-0.044402475678344,-0.042459824035796,-0.040414882958104,-0.038272578887441,-0.036038072821955,-0.033716747882480,-0.031314196344117,-0.028836206163961,-0.026288747037403,-0.023677956016610,-0.021010122725829,-0.018291674209131,-0.015529159447103,-0.012729233579773,-0.009898641873799,-0.007044203472534,-0.004172794968103,-0.001291333835101,0.001593238234217,0.004473972053078,0.007343927681390,0.010196191144665,0.013023891090392,0.015820215341723,0.018578427308610,0.021291882216831,0.023954043115844,0.026558496626865,0.029098968393261,0.031569338196030,0.033963654697937,0.036276149780812,0.038501252441450,0.040633602212644,0.042668062077025,0.044599730842582,0.046423954950064,0.048136339683813,0.049732759759018,0.051209369259889,0.052562610904801,0.053789224616103,0.054886255373925,0.055851060335083,0.056681315199919,0.057375019811741,0.057930502975379,0.058346426483236,0.058621788339152,0.058755925172296,0.058748513835289,0.058599572182691,0.058309459027988,0.057878873279182,0.057308852255055,0.056600769186184,0.055756329906701,0.054777568744795,0.053666843621834,0.052426830371928,0.051060516295608,0.049571192963159,0.047962448284939,0.046238157867785,0.044402475678343,0.042459824035795,0.040414882958104,0.038240464255415
0.066570490031760,0.064406427914319,0.062119297982370,0.059682517220573,0.057101956047220,0.054383831260209,0.051534691060232,0.048561399275584,0.045471118826605,0.042271294469574,0.038969634861637,0.035574093989981,0.032092852009981,0.028534295538487,0.024906997449732,0.021219696222525,0.017481274888492,0.013700739632074,0.009887198093839,0.006049837429380,0.002197902176650,-0.001659328014937,-0.005512560739995,-0.009352513223388,-0.013169934683243,-0.016955628616895,-0.020700474956072,-0.024395452037932,-0.028031658339043,-0.031600333919932,-0.035092881528546,-0.038500887311784,-0.041816141085209,-0.045030656112098,-0.048136688344193,-0.051126755077791,-0.053993652980232,-0.056730475443358,-0.059330629222139,-0.061787850318374,-0.064096219071215,-0.066250174418148,-0.068244527292078,-0.070074473122246,-0.071735603408864,-0.073223916343574,-0.074535826450154,-0.075668173222248,-0.076618228737301,-0.077383704228362,-0.077962755597924,-0.078353987860520,-0.078556458503361,-0.078569679756935,-0.078393619770083,-0.078028702686734,-0.077475807624107,-0.076736266554833,-0.075811861098126,-0.074704818227698,-0.073417804906791,-0.071953921663223,-0.070316695119949,-0.068510069499116,-0.066538397120087,-0.064406427914320,-0.062119297982370,-0.059682517220573,-0.057101956047221,-0.054383831260210,-0.051534691060232,-0.048561399275584,-0.045471118826606,-0.042271294469574,-0.038969634861637,-0.035574093989981,-0.032092852009981,-0.028534295538487,-0.024906997449732,-0.021219696222525,-0.017481274888492,-0.013700739632074,-0.009887198093839,-0.006049837429380,-0.002197902176650,0.001659328014936,0.005512560739995,0.009352513223388,0.013169934683242,0.016955628616895,0.020700474956071,0.024395452037931,0.028031658339043,0.031600333919932,0.035092881528546,0.038500887311784,0.041816141085209,0.045030656112098,0.048136688344193,0.051126755077791,0.053993652980232,0.056730475443358,0.059330629222138,0.061787850318373,0.064096219071215,0.066250174418148,0.068244527292077,0.070074473122246,0.071735603408864,0.073223916343574,0.074535826450154,0.075668173222248,0.076618228737301,0.077383704228361,0.077962755597924,0.078353987860520,0.078556458503361,0.078569679756935,0.078393619770082,0.078028702686734,0.077475807624106,0.076736266554833,0.075811861098125,0.074704818227698,0.073417804906791,0.071953921663223,0.070316695119949,0.068510069499116,0.066538397120086,0.064374464349834
0.092533383617991,0.090385028997570,0.088050785330353,0.085504419608937,0.082752066251380,0.079800355917999,0.076656399537526,0.073327771176260,0.069822489791475,0.066148999913055,0.062316151299877,0.058333177619967,0.054209674205787,0.049955574938239,0.045581128315073,0.041096872761361,0.036513611241506,0.031842385233956,0.027094448131313,0.022281238129928,0.017414350674283,0.012505510522546,0.007566543500608,0.002609348012625,-0.002354133623272,-0.007311943945073,-0.012252139153460,-0.017162817885465,-0.022032149885899,-0.026848404507469,-0.031599978970938,-0.036275426317235,-0.040863482984182,-0.045353095941401,-0.049733449318036,-0.053993990459128,-0.058124455347888,-0.062114893332615,-0.065955691098681,-0.069637595827854,-0.073151737489145,-0.076489650207490,-0.079643292658782,-0.082605067442131,-0.085367839382662,-0.087924952720781,-0.090270247146479,-0.092398072640061,-0.094303303083538,-0.095981348609893,-0.097428166660474,-0.098640271723870,-0.099614743732816,-0.100349235098889,-0.100841976368053,-0.101091780483433,-0.101098045645034,-0.100860756759533,-0.100380485476639,-0.099658388811940,-0.098696206359550,-0.097496256101272,-0.096061428822383,-0.094395181147474,-0.092501527213139,-0.090385028997570,-0.088050785330353,-0.085504419608937,-0.082752066251381,-0.079800355918000,-0.076656399537527,-0.073327771176260,-0.069822489791475,-0.066148999913056,-0.062316151299877,-0.058333177619967,-0.054209674205787,-0.049955574938239,-0.045581128315074,-0.041096872761361,-0.036513611241506,-0.031842385233956,-0.027094448131313,-0.022281238129929,-0.017414350674283,-0.012505510522547,-0.007566543500608,-0.002609348012625,0.002354133623272,0.007311943945073,0.012252139153459,0.017162817885465,0.022032149885898,0.026848404507469,0.031599978970938,0.036275426317235,0.040863482984182,0.045353095941401,0.049733449318036,0.053993990459127,0.058124455347888,0.062114893332615,0.065955691098681,0.069637595827854,0.073151737489145,0.076489650207489,0.079643292658782,0.082605067442130,0.085367839382662,0.087924952720780,0.090270247146478,0.092398072640061,0.094303303083538,0.095981348609893,0.097428166660474,0.098640271723870,0.099614743732816,0.100349235098888,0.100841976368053,0.101091780483432,0.101098045645033,0.100860756759533,0.100380485476639,0.099658388811940,0.098696206359550,0.097496256101272,0.096061428822383,0.094395181147474,0.092501527213138,0.090353293761728
0.118273262234233,0.116145790452899,0.113770056699554,0.111120240914539,0.108202726736178,0.105024542711670,0.101593345364706,0.097917400750232,0.094005564540800,0.089867260692473,0.085512458741697,0.080951649787804,0.076195821219046,0.071256430243005,0.066145376285183,0.060874972322239,0.055457915218953,0.049907255140365,0.044236364112785,0.038458903809409,0.032588792638154,0.026640172210992,0.020627373275571,0.014564881191184,0.008467301032275,0.002349322403531,-0.003774315948659,-0.009888861643138,-0.015979584203757,-0.022031810546382,-0.028030960327643,-0.033962581070252,-0.039812382980292,-0.045566273372580,-0.051210390621179,-0.056731137553271,-0.062115214205937,-0.067349649866930,-0.072421834322261,-0.077319548235307,-0.082030992584260,-0.086544817087013,-0.090850147544971,-0.094936612039961,-0.098794365921082,-0.102414115521334,-0.105787140546878,-0.108905315084986,-0.111761127180075,-0.114347696930668,-0.116658793063680,-0.118688847946098,-0.120432970997899,-0.121886960473884,-0.123047313586050,-0.123911234942115,-0.124476643279863,-0.124742176481083,-0.124707194853036,-0.124371782669528,-0.123736747967887,-0.122803620602333,-0.121574648558421,-0.120052792537450,-0.118241718823874,-0.116145790452899,-0.113770056699554,-0.111120240914539,-0.108202726736178,-0.105024542711670,-0.101593345364706,-0.097917400750232,-0.094005564540800,-0.089867260692474,-0.085512458741697,-0.080951649787804,-0.076195821219046,-0.071256430243006,-0.066145376285183,-0.060874972322240,-0.055457915218954,-0.049907255140366,-0.044236364112785,-0.038458903809409,-0.032588792638154,-0.026640172210992,-0.020627373275571,-0.014564881191184,-0.008467301032275,-0.002349322403531,0.003774315948659,0.009888861643138,0.015979584203757,0.022031810546382,0.028030960327643,0.033962581070252,0.039812382980292,0.045566273372580,0.051210390621179,0.056731137553271,0.062115214205936,0.067349649866930,0.072421834322261,0.077319548235306,0.082030992584260,0.086544817087012,0.090850147544971,0.094936612039961,0.098794365921082,0.102414115521334,0.105787140546878,0.108905315084985,0.111761127180074,0.114347696930668,0.116658793063680,0.118688847946098,0.120432970997899,0.121886960473884,0.123047313586050,0.123911234942115,0.124476643279863,0.124742176481083,0.124707194853036,0.124371782669528,0.123736747967887,0.122803620602333,0.121574648558421,0.120052792537450,0.118241718823873,0.116114360256631
0.143728108783009,0.141626644874943,0.139215144655866,0.136468262959506,0.133392617264469,0.129995617070628,0.126285446048993,0.122271042326527,0.117962076953418,0.113368930604671,0.108502668572151,0.103375014107330,0.097998320178942,0.092385539713605,0.086550194391079,0.080506342069364,0.074268542918081,0.067851824341752,0.061271644777466,0.054543856454149,0.047684667203157,0.040710601412188,0.033638460216590,0.026485281023949,0.019268296469484,0.012004892901122,0.004712568494255,-0.002591108902886,-0.009888544091725,-0.017162156911714,-0.024394424592474,-0.031567923967693,-0.038665373449049,-0.045669674659080,-0.052563953622666,-0.059331601417917,-0.065956314188517,-0.072422132421147,-0.078713479393344,-0.084815198699196,-0.090712590762448,-0.096391448249068,-0.101838090293963,-0.107039395459376,-0.111982833345584,-0.116656494777725,-0.121049120496044,-0.125150128280438,-0.128949638443947,-0.132438497633790,-0.135608300882591,-0.138451411856682,-0.140960981252699,-0.143130963298154,-0.144956130316232,-0.146432085319721,-0.147555272603738,-0.148322986311738,-0.148733376954154,-0.148785455863982,-0.148479097578567,-0.147815040141852,-0.146794883326367,-0.145421084779235,-0.143696954101488,-0.141626644874943,-0.139215144655866,-0.136468262959506,-0.133392617264469,-0.129995617070628,-0.126285446048993,-0.122271042326527,-0.117962076953418,-0.113368930604671,-0.108502668572151,-0.103375014107330,-0.097998320178943,-0.092385539713605,-0.086550194391080,-0.080506342069364,-0.074268542918081,-0.067851824341753,-0.061271644777467,-0.054543856454150,-0.047684667203157,-0.040710601412188,-0.033638460216590,-0.026485281023949,-0.019268296469485,-0.012004892901122,-0.004712568494256,0.002591108902885,0.009888544091725,0.017162156911713,0.024394424592474,0.031567923967692,0.038665373449049,0.045669674659080,0.052563953622666,0.059331601417917,0.065956314188517,0.072422132421146,0.078713479393344,0.084815198699196,0.090712590762448,0.096391448249068,0.101838090293963,0.107039395459376,0.111982833345584,0.116656494777725,0.121049120496044,0.125150128280437,0.128949638443947,0.132438497633790,0.135608300882591,0.138451411856682,0.140960981252699,0.143130963298154,0.144956130316232,0.146432085319720,0.147555272603738,0.148322986311738,0.148733376954154,0.148785455863982,0.148479097578566,0.147815040141852,0.146794883326366,0.145421084779235,0.143696954101488,0.141595595693614
0.168836592281866,0.166766198627252,0.164324741746654,0.161487412170041,0.158261045272884,0.154653413655635,0.150673208418849,0.146330018225568,0.141634306201386,0.136597384727865,0.131231388190016,0.125549243743506,0.119564640172002,0.113291994909699,0.106746419308451,0.099943682233207,0.092900172073431,0.085632857262036,0.078159245396944,0.070497341063750,0.062665602461095,0.054682896933253,0.046568455517042,0.038341826612577,0.030022828889454,0.021631503541847,0.013188066007511,0.004712857267026,-0.003773705159413,-0.012251176399586,-0.020699133482736,-0.029097224540295,-0.037425217835322,-0.045663050502521,-0.053790876881449,-0.061789116326445,-0.069638500378123,-0.077320119182778,-0.084815467047879,-0.092106487023905,-0.099175614405114,-0.106005819044464,-0.112580646380722,-0.118884257078949,-0.124901465188842,-0.130617774729018,-0.136019414609107,-0.141093371805509,-0.145827422710911,-0.150210162582029,-0.154231033014631,-0.157880347379657,-0.161149314159161,-0.164030058125842,-0.166515639315162,-0.168600069744324,-0.170278327837850,-0.171546370524995,-0.172401142979858,-0.172840585980725,-0.172863640870918,-0.172470252109186,-0.171661367403513,-0.170438935428004,-0.168805901128363,-0.166766198627252,-0.164324741746654,-0.161487412170042,-0.158261045272885,-0.154653413655635,-0.150673208418849,-0.146330018225568,-0.141634306201386,-0.136597384727865,-0.131231388190016,-0.125549243743506,-0.119564640172002,-0.113291994909699,-0.106746419308451,-0.099943682233208,-0.092900172073431,-0.085632857262036,-0.078159245396944,-0.070497341063750,-0.062665602461095,-0.054682896933253,-0.046568455517043,-0.038341826612577,-0.030022828889454,-0.021631503541847,-0.013188066007512,-0.004712857267026,0.003773705159413,0.012251176399586,0.020699133482735,0.029097224540295,0.037425217835322,0.045663050502521,0.053790876881449,0.061789116326445,0.069638500378123,0.077320119182778,0.084815467047879,0.092106487023905,0.099175614405114,0.106005819044463,0.112580646380722,0.118884257078949,0.124901465188842,0.130617774729018,0.136019414609107,0.141093371805508,0.145827422710911,0.150210162582029,0.154231033014630,0.157880347379657,0.161149314159160,0.164030058125842,0.166515639315162,0.168600069744324,0.170278327837850,0.171546370524995,0.172401142979858,0.172840585980725,0.172863640870918,0.172470252109186,0.171661367403512,0.170438935428004,0.168805901128363,0.166735605517018
0.193538215576725,0.191503879706591,0.189038348157526,0.186117406669946,0.182748092047738,0.178938521264945,0.174697871911261,0.170036360082416,0.164965215768707,0.159496655800965,0.153643854419141,0.147420911534409,0.140842818761244,0.133925423301309,0.126685389766160,0.119140160030734,0.111307911214349,0.103207511890427,0.094858476630450,0.086280918991650,0.077495503061682,0.068523393677035,0.059386205435079,0.050105950622613,0.040704986186334,0.031205959872996,0.021631755669005,0.012005438670890,0.002350199519464,-0.007310701468458,-0.016953990336200,-0.026556435556228,-0.036094903996932,-0.045546416652367,-0.054888204000692,-0.064097760857940,-0.073152900594981,-0.082031808587051,-0.090713094767097,-0.099175845156321,-0.107399672247784,-0.115364764121703,-0.123051932174093,-0.130442657343798,-0.137519134726535,-0.144264316468463,-0.150661952835956,-0.156696631362639,-0.162353813979365,-0.167619872037700,-0.172482119142530,-0.176928841714696,-0.180949327210035,-0.184533889926836,-0.187673894339544,-0.190361775902496,-0.192591059273576,-0.194356373913882,-0.195653467025821,-0.196479213798476,-0.196831624935543,-0.196709851447727,-0.196114186698025,-0.195046065694993,-0.193508061635685,-0.191503879706591,-0.189038348157526,-0.186117406669946,-0.182748092047738,-0.178938521264945,-0.174697871911261,-0.170036360082416,-0.164965215768707,-0.159496655800965,-0.153643854419141,-0.147420911534409,-0.140842818761244,-0.133925423301309,-0.126685389766160,-0.119140160030734,-0.111307911214349,-0.103207511890427,-0.094858476630450,-0.086280918991650,-0.077495503061682,-0.068523393677035,-0.059386205435079,-0.050105950622613,-0.040704986186334,-0.031205959872996,-0.021631755669006,-0.012005438670890,-0.002350199519464,0.007310701468457,0.016953990336200,0.026556435556228,0.036094903996932,0.045546416652367,0.054888204000692,0.064097760857940,0.073152900594981,0.082031808587051,0.090713094767097,0.099175845156320,0.107399672247784,0.115364764121703,0.123051932174092,0.130442657343798,0.137519134726535,0.144264316468463,0.150661952835956,0.156696631362639,0.162353813979365,0.167619872037700,0.172482119142530,0.176928841714696,0.180949327210035,0.184533889926836,0.187673894339544,0.190361775902495,0.192591059273576,0.194356373913882,0.195653467025821,0.196479213798476,0.196831624935543,0.196709851447727,0.196114186698025,0.195046065694993,0.193508061635684,0.191473816622952
0.217773461043771,0.215780083625170,0.213296417420745,0.210298901464193,0.206794757034006,0.202792425921043,0.198301550091517,0.193332948458657,0.187898590818993,0.182011569016073,0.175686065401063,0.168937318666220,0.161781587133549,0.154236109587079,0.146319063743127,0.138049522458581,0.129447407782722,0.120533442963261,0.111329102522219,0.101856560521922,0.092138637145748,0.082198743722298,0.072060826325461,0.061749308086224,0.051289030355206,0.040705192857674,0.030023292985193,0.019269064370182,0.008468414891332,-0.002352635740736,-0.013168018667239,-0.023951678683390,-0.034677637007673,-0.045320053867003,-0.055853290746999,-0.066251972157415,-0.076491046763916,-0.086545847738939,-0.096392152186238,-0.106006239495965,-0.115364948489696,-0.124445733217739,-0.133226717274302,-0.141686746499668,-0.149805439942424,-0.157563238958952,-0.164941454331918,-0.171922311294233,-0.178488992350024,-0.184625677789455,-0.190317583799792,-0.195550998080903,-0.200313312879393,-0.204593055361782,-0.208379915253570,-0.211664769677587,-0.214439705131807,-0.216698036553664,-0.218434323424957,-0.219644382878532,-0.220325299775177,-0.220475433726447,-0.220094423046502,-0.219183185623444,-0.217743916708039,-0.215780083625170,-0.213296417420745,-0.210298901464193,-0.206794757034007,-0.202792425921043,-0.198301550091517,-0.193332948458657,-0.187898590818993,-0.182011569016073,-0.175686065401063,-0.168937318666220,-0.161781587133549,-0.154236109587079,-0.146319063743127,-0.138049522458581,-0.129447407782722,-0.120533442963261,-0.111329102522219,-0.101856560521923,-0.092138637145748,-0.082198743722298,-0.072060826325461,-0.061749308086224,-0.051289030355206,-0.040705192857674,-0.030023292985194,-0.019269064370182,-0.008468414891333,0.002352635740736,0.013168018667238,0.023951678683389,0.034677637007673,0.045320053867002,0.055853290746998,0.066251972157415,0.076491046763916,0.086545847738939,0.096392152186238,0.106006239495964,0.115364948489695,0.124445733217739,0.133226717274301,0.141686746499668,0.149805439942424,0.157563238958952,0.164941454331918,0.171922311294233,0.178488992350024,0.184625677789455,0.190317583799792,0.195550998080903,0.200313312879393,0.204593055361782,0.208379915253570,0.211664769677587,0.214439705131806,0.216698036553664,0.218434323424957,0.219644382878532,0.220325299775177,0.220475433726447,0.220094423046502,0.219183185623444,0.217743916708039,0.215750623244151
0.241483933928686,0.239536316959151,0.237040499824072,0.233973631362621,0.230343099929548,0.226157651793072,0.221427370064355,0.216163650406407,0.210379173580930,0.204087874899257,0.197304910650965,0.190046621591046,0.182330493573596,0.174175115426862,0.165600134171127,0.156626207687314,0.147274954950348,0.137568903947143,0.127531437404717,0.117186736459149,0.106559722401104,0.095675996638266,0.084561779019299,0.073243844667937,0.061749459479367,0.050106314434297,0.038342458888960,0.026486233001757,0.014566199459333,0.002611074666563,-0.009350340433782,-0.021289229745029,-0.033176831437104,-0.044984507236300,-0.056683811417386,-0.068246559331852,-0.079644895307195,-0.090851359753674,-0.101838955316867,-0.112581211916662,-0.123052250516001,-0.133226845465743,-0.143080485275465,-0.152589431663787,-0.161730776745976,-0.170482498221040,-0.178823512425387,-0.186733725125211,-0.194194079925266,-0.201186604177389,-0.207694452278183,-0.213701946251553,-0.219194613518324,-0.224159221761948,-0.228583810806319,-0.232457721428880,-0.235771621039628,-0.238517526164136,-0.240688821676446,-0.242280276735487,-0.243288057386627,-0.243709735798005,-0.243544296109394,-0.242792136879494,-0.241455070125773,-0.239536316959151,-0.237040499824072,-0.233973631362621,-0.230343099929548,-0.226157651793072,-0.221427370064355,-0.216163650406407,-0.210379173580930,-0.204087874899257,-0.197304910650965,-0.190046621591046,-0.182330493573596,-0.174175115426862,-0.165600134171127,-0.156626207687315,-0.147274954950348,-0.137568903947143,-0.127531437404717,-0.117186736459149,-0.106559722401104,-0.095675996638266,-0.084561779019299,-0.073243844667937,-0.061749459479367,-0.050106314434297,-0.038342458888960,-0.026486233001757,-0.014566199459333,-0.002611074666563,0.009350340433782,0.021289229745029,0.033176831437104,0.044984507236300,0.056683811417385,0.068246559331851,0.079644895307194,0.090851359753673,0.101838955316866,0.112581211916662,0.123052250516001,0.133226845465743,0.143080485275464,0.152589431663787,0.161730776745975,0.170482498221040,0.178823512425387,0.186733725125211,0.194194079925266,0.201186604177389,0.207694452278183,0.213701946251553,0.219194613518324,0.224159221761948,0.228583810806319,0.232457721428880,0.235771621039627,0.238517526164135,0.240688821676446,0.242280276735487,0.243288057386627,0.243709735798005,0.243544296109394,0.242792136879494,0.241455070125772,0.239507530501554
0.264612502977704,0.262715338217423,0.260213383174345,0.257084551299200,0.253336380222027,0.248977899615254,0.244019609440419,0.238473454652849,0.232352796425212,0.225672379959286,0.218448298963472,0.210697956881643,0.202440024966726,0.193694397300011,0.184482142864575,0.174825454788252,0.164747596878442,0.154272847577566,0.143426441474171,0.132234508510592,0.120724011033636,0.108922678839925,0.096858942372389,0.084561864228837,0.072061069147613,0.059386672639008,0.046569208434357,0.033639554927608,0.020628860786560,0.007568469913003,-0.005510154067494,-0.018575503604210,-0.031596103125722,-0.044540584867311,-0.057377764438662,-0.070076715949780,-0.082606846514181,-0.094937969949823,-0.107040379500272,-0.118884919400875,-0.130443055117553,-0.141686942088990,-0.152589492806624,-0.163124442070826,-0.173266410266066,-0.182990964502629,-0.192274677477591,-0.201095183913236,-0.209431234436976,-0.217262746772948,-0.224570854121975,-0.231337950613338,-0.237547733718863,-0.243185243527134,-0.248236898783237,-0.252690529607187,-0.256535406812237,-0.259762267752429,-0.262363338637117,-0.264332353258714,-0.265664568088531,-0.266356773704355,-0.266407302522227,-0.265816032813800,-0.264584388999589,-0.262715338217423,-0.260213383174345,-0.257084551299200,-0.253336380222028,-0.248977899615254,-0.244019609440419,-0.238473454652849,-0.232352796425212,-0.225672379959286,-0.218448298963472,-0.210697956881643,-0.202440024966726,-0.193694397300011,-0.184482142864575,-0.174825454788252,-0.164747596878442,-0.154272847577566,-0.143426441474171,-0.132234508510592,-0.120724011033636,-0.108922678839925,-0.096858942372389,-0.084561864228837,-0.072061069147613,-0.059386672639008,-0.046569208434358,-0.033639554927608,-0.020628860786560,-0.007568469913003,0.005510154067494,0.018575503604210,0.031596103125721,0.044540584867311,0.057377764438661,0.070076715949780,0.082606846514180,0.094937969949823,0.107040379500272,0.118884919400875,0.130443055117553,0.141686942088990,0.152589492806624,0.163124442070826,0.173266410266066,0.182990964502629,0.192274677477590,0.201095183913235,0.209431234436976,0.217262746772948,0.224570854121975,0.231337950613338,0.237547733718862,0.243185243527134,0.248236898783237,0.252690529607187,0.256535406812237,0.259762267752428,0.262363338637117,0.264332353258714,0.265664568088531,0.266356773704355,0.266407302522227,0.265816032813800,0.264584388999589,0.262687295276571
0.287103438021471,0.285261295691033,0.282759230576452,0.279575973708628,0.275719193832177,0.271198182267636,0.266023830527856,0.260208604079399,0.253766512312133,0.246713074789385,0.239065283859957,0.230841563722065,0.222061726037833,0.212746922205265,0.202919592402676,0.192603411528332,0.181823232165549,0.170605024710646,0.158975814807979,0.146963618242803,0.134597373448787,0.121906871792796,0.108922685804875,0.095676095526350,0.082199013153465,0.068523906158110,0.054683719070836,0.040711794114591,0.026641790880393,0.012507605238418,-0.001656712320113,-0.015817038713554,-0.029939260475325,-0.043989355936241,-0.057933477185695,-0.071738031614235,-0.085369762841106,-0.098795830831786,-0.111983891012498,-0.124902172191132,-0.137519553096818,-0.149805637353805,-0.161730826708981,-0.173266392336669,-0.184384544048874,-0.195058497244286,-0.205262537434731,-0.214972082193620,-0.224163740377174,-0.232815368475736,-0.240906123959421,-0.248416515489603,-0.255328449875254,-0.261625275661025,-0.267291823242061,-0.272314441408908,-0.276681030234472,-0.280381070223806,-0.283405647656490,-0.285747476060566,-0.287400913766289,-0.288361977497402,-0.288628351967198,-0.288199395456247,-0.287076141358357,-0.285261295691034,-0.282759230576452,-0.279575973708628,-0.275719193832177,-0.271198182267636,-0.266023830527856,-0.260208604079399,-0.253766512312133,-0.246713074789386,-0.239065283859957,-0.230841563722065,-0.222061726037833,-0.212746922205266,-0.202919592402676,-0.192603411528332,-0.181823232165549,-0.170605024710646,-0.158975814807979,-0.146963618242803,-0.134597373448787,-0.121906871792796,-0.108922685804875,-0.095676095526350,-0.082199013153465,-0.068523906158110,-0.054683719070836,-0.040711794114591,-0.026641790880393,-0.012507605238418,0.001656712320113,0.015817038713554,0.029939260475325,0.043989355936241,0.057933477185695,0.071738031614234,0.085369762841106,0.098795830831785,0.111983891012498,0.124902172191132,0.137519553096818,0.149805637353804,0.161730826708981,0.173266392336669,0.184384544048874,0.195058497244286,0.205262537434731,0.214972082193620,0.224163740377174,0.232815368475735,0.240906123959420,0.248416515489603,0.255328449875254,0.261625275661025,0.267291823242061,0.272314441408907,0.276681030234472,0.280381070223806,0.283405647656490,0.285747476060566,0.287400913766289,0.288361977497402,0.288628351967198,0.288199395456247,0.287076141358357,0.285234064064431
0.308902544180014,0.307119861950967,0.304623714895549,0.301393702629061,0.297437606533970,0.292764957192280,0.287387011425533,0.281316725176133,0.274568722295348,0.267159259313174,0.259106186274927,0.250428903738922,0.241148316038829,0.231286780923301,0.220868055694199,0.209917239973173,0.198460715234472,0.186526081249667,0.174142089597375,0.161338574398198,0.148146380441706,0.134597288878639,0.120723940657333,0.106559757888816,0.092138863330012,0.077495998179035,0.062666438380596,0.047685909643167,0.032590501372615,0.017416579729666,0.002200700020636,-0.013020481367502,-0.028210295275567,-0.043332148111383,-0.058349610006950,-0.073226502581189,-0.087926986096825,-0.102415645801460,-0.116657577244808,-0.130618470366576,-0.144264692152404,-0.157563367658743,-0.170482459211470,-0.182990843587457,-0.195058386993138,-0.206656017659455,-0.217755795878301,-0.228330981311721,-0.238356097411729,-0.247806992795544,-0.256660899428385,-0.264896487473664,-0.272493916678426,-0.279434884170263,-0.285702668550527,-0.291282170177656,-0.296159947543521,-0.300324249655207,-0.303765044344175,-0.306474042434643,-0.308444717712930,-0.309672322649681,-0.310153899837076,-0.309888289113491,-0.308876130358422,-0.307119861950967,-0.304623714895549,-0.301393702629061,-0.297437606533970,-0.292764957192280,-0.287387011425533,-0.281316725176133,-0.274568722295348,-0.267159259313174,-0.259106186274927,-0.250428903738923,-0.241148316038830,-0.231286780923301,-0.220868055694199,-0.209917239973173,-0.198460715234472,-0.186526081249667,-0.174142089597375,-0.161338574398198,-0.148146380441706,-0.134597288878639,-0.120723940657334,-0.106559757888816,-0.092138863330012,-0.077495998179035,-0.062666438380596,-0.047685909643167,-0.032590501372616,-0.017416579729666,-0.002200700020636,0.013020481367502,0.028210295275567,0.043332148111383,0.058349610006950,0.073226502581189,0.087926986096825,0.102415645801460,0.116657577244807,0.130618470366576,0.144264692152404,0.157563367658742,0.170482459211470,0.182990843587457,0.195058386993138,0.206656017659454,0.217755795878300,0.228330981311720,0.238356097411729,0.247806992795543,0.256660899428385,0.264896487473664,0.272493916678426,0.279434884170262,0.285702668550527,0.291282170177656,0.296159947543521,0.300324249655207,0.303765044344175,0.306474042434643,0.308444717712930,0.309672322649681,0.310153899837076,0.309888289113491,0.308876130358422,0.307093507476274
0.329957292365251,0.328238364669977,0.325754149578324,0.322485164207644,0.318439283830023,0.313626255325668,0.308057673701818,0.301746954159355,0.294709299774411,0.286961664872824,0.278522714185685,0.269412777884364,0.259653802603348,0.249269298568873,0.238284282960734,0.226725219643704,0.214619955413768,0.201997652912753,0.188888720372967,0.175324738361104,0.161338383697895,0.146963350736785,0.132234270191281,0.117186625706532,0.101856668376120,0.086281329410000,0.070498131163978,0.054545096745076,0.038460658410528,0.022283564981114,0.006052788491851,-0.010192569695051,-0.026413373088794,-0.042570544353228,-0.058625159447576,-0.074538541397857,-0.090272353473105,-0.105788691541912,-0.121050175386800,-0.136020038756438,-0.150662217938763,-0.164941438641622,-0.178823300971630,-0.192274362306526,-0.205262217861380,-0.217755578754559,-0.229724347385383,-0.241139689941878,-0.251974105863962,-0.262201494094694,-0.271797215960014,-0.280738154525461,-0.289002770286898,-0.296571153061062,-0.303425069950936,-0.309548009270401,-0.314925220322330,-0.319543748934311,-0.323392468666383,-0.326462107615603,-0.328745270752873,-0.330236457738215,-0.330932076171567,-0.330830450247196,-0.329931824790855,-0.328238364669977,-0.325754149578324,-0.322485164207644,-0.318439283830023,-0.313626255325668,-0.308057673701818,-0.301746954159356,-0.294709299774411,-0.286961664872824,-0.278522714185685,-0.269412777884365,-0.259653802603348,-0.249269298568873,-0.238284282960734,-0.226725219643704,-0.214619955413769,-0.201997652912753,-0.188888720372967,-0.175324738361104,-0.161338383697895,-0.146963350736786,-0.132234270191281,-0.117186625706532,-0.101856668376120,-0.086281329410000,-0.070498131163978,-0.054545096745076,-0.038460658410528,-0.022283564981114,-0.006052788491851,0.010192569695051,0.026413373088794,0.042570544353228,0.058625159447576,0.074538541397856,0.090272353473105,0.105788691541912,0.121050175386800,0.136020038756438,0.150662217938763,0.164941438641622,0.178823300971630,0.192274362306526,0.205262217861380,0.217755578754559,0.229724347385383,0.241139689941878,0.251974105863962,0.262201494094694,0.271797215960013,0.280738154525461,0.289002770286898,0.296571153061061,0.303425069950936,0.309548009270401,0.314925220322330,0.319543748934311,0.323392468666383,0.326462107615603,0.328745270752873,0.330236457738214,0.330932076171567,0.330830450247196,0.329931824790855,0.328212951065713
0.350216945766372,0.348565913453043,0.346099615517878,0.342799533294183,0.338673616969090,0.333731806236413,0.327986006351059,0.321450059448224,0.314139711196478,0.306072572865071,0.297268078896840,0.287747440088939,0.277533592494164,0.266651142166000,0.255126305880475,0.242986847977660,0.230262013474932,0.216982457613173,0.203180172005605,0.188888407567194,0.174141594410283,0.158975258899436,0.143425938065312,0.127531091583760,0.111329011532178,0.094858730140546,0.078159925759361,0.061272827271022,0.044238117174920,0.027096833579743,0.009890271339070,-0.007340117431544,-0.024552823216348,-0.041706379099449,-0.058759460662253,-0.075670985537601,-0.092400212380793,-0.108906839019057,-0.125151099543012,-0.141093860106226,-0.156696713202081,-0.171922070190821,-0.186733251853877,-0.201094576757316,-0.214971447211542,-0.228330432620160,-0.241139350017212,-0.253367341598761,-0.264984949062040,-0.275964184573088,-0.286278598191892,-0.295903341592608,-0.304815227925355,-0.312992787675370,-0.320416320384944,-0.327067942113556,-0.332931628521848,-0.337993253475665,-0.342240623077146,-0.345663505040895,-0.348253653344455,-0.350004828093690,-0.350912810555245,-0.350975413319840,-0.350192485571933,-0.348565913453044,-0.346099615517878,-0.342799533294183,-0.338673616969090,-0.333731806236413,-0.327986006351059,-0.321450059448224,-0.314139711196478,-0.306072572865071,-0.297268078896840,-0.287747440088939,-0.277533592494164,-0.266651142166000,-0.255126305880476,-0.242986847977660,-0.230262013474932,-0.216982457613173,-0.203180172005605,-0.188888407567194,-0.174141594410283,-0.158975258899436,-0.143425938065312,-0.127531091583760,-0.111329011532178,-0.094858730140546,-0.078159925759361,-0.061272827271022,-0.044238117174920,-0.027096833579743,-0.009890271339070,0.007340117431544,0.024552823216347,0.041706379099449,0.058759460662253,0.075670985537601,0.092400212380793,0.108906839019057,0.125151099543012,0.141093860106225,0.156696713202081,0.171922070190821,0.186733251853877,0.201094576757316,0.214971447211542,0.228330432620160,0.241139350017212,0.253367341598761,0.264984949062040,0.275964184573088,0.286278598191891,0.295903341592607,0.304815227925355,0.312992787675369,0.320416320384944,0.327067942113556,0.332931628521848,0.337993253475664,0.342240623077145,0.345663505040895,0.348253653344455,0.350004828093690,0.350912810555245,0.350975413319840,0.350192485571933,0.348541502164389
0.369632682013084,0.368053522370606,0.365611083656282,0.362287855817681,0.358091844801746,0.353033159166543,0.347123985728855,0.340378560205077,0.332813132916123,0.324445929638987,0.315297107699243,0.305388707410287,0.294744598976288,0.283390424986778,0.271353538641404,0.258662937853681,0.245349195392470,0.231444385229508,0.216982005270394,0.201996896655204,0.186525159823134,0.170604067543375,0.154271975121753,0.137568227999433,0.120533066966309,0.103207531217413,0.085633359485903,0.067852889490794,0.049908955941691,0.031844787346217,0.013703901868751,-0.004469997508637,-0.022633128270500,-0.040741733843933,-0.058752189011980,-0.076621105010614,-0.094305434056061,-0.111762573050687,-0.128950466217588,-0.145827706416645,-0.162353634897945,-0.178488439252277,-0.194193249322709,-0.209430230846203,-0.224162676599667,-0.238355094830871,-0.251973294761187,-0.264984468954169,-0.277357272351542,-0.289061897786192,-0.300070147790244,-0.310355502525228,-0.319893183670697,-0.328660214117370,-0.336635473320999,-0.343799748183613,-0.350135779339552,-0.355628302734789,-0.360264086399378,-0.364031962324423,-0.366922853366795,-0.368929795116760,-0.370047952675855,-0.370274632304581,-0.369609287911858,-0.368053522370606,-0.365611083656282,-0.362287855817681,-0.358091844801746,-0.353033159166543,-0.347123985728855,-0.340378560205077,-0.332813132916123,-0.324445929638987,-0.315297107699243,-0.305388707410287,-0.294744598976288,-0.283390424986778,-0.271353538641404,-0.258662937853681,-0.245349195392471,-0.231444385229508,-0.216982005270394,-0.201996896655204,-0.186525159823134,-0.170604067543375,-0.154271975121753,-0.137568227999433,-0.120533066966309,-0.103207531217413,-0.085633359485903,-0.067852889490794,-0.049908955941691,-0.031844787346217,-0.013703901868751,0.004469997508636,0.022633128270500,0.040741733843932,0.058752189011980,0.076621105010614,0.094305434056061,0.111762573050687,0.128950466217588,0.145827706416644,0.162353634897944,0.178488439252276,0.194193249322709,0.209430230846203,0.224162676599667,0.238355094830871,0.251973294761187,0.264984468954169,0.277357272351542,0.289061897786192,0.300070147790244,0.310355502525228,0.319893183670697,0.328660214117370,0.336635473320999,0.343799748183613,0.350135779339552,0.355628302734789,0.360264086399377,0.364031962324423,0.366922853366795,0.368929795116760,0.370047952675855,0.370274632304581,0.369609287911858,0.368030172420696
0.388157710722087,0.386654227899063,0.384241533029155,0.380903166650595,0.376647171180398,0.371483799684431,0.365425491176886,0.358486840653604,0.350684563931448,0.342037457378441,0.332566352631666,0.322294066412030,0.311245345556781,0.299446807402213,0.286926875660171,0.273715711942837,0.259845143100768,0.245348584549223,0.230260959767501,0.214618616165221,0.198459237518228,0.181821753185077,0.164746244322800,0.147273847327881,0.129446654735085,0.111307613812843,0.092900423099531,0.074269427129857,0.055459509604992,0.036515985263811,0.017484490715706,-0.001589125501994,-0.020658913377168,-0.039678932120510,-0.058603360840909,-0.077386608931995,-0.095983425903897,-0.114349010395641,-0.132439118105552,-0.150210168379649,-0.167619349201264,-0.184624720328931,-0.201185314334111,-0.217261235295307,-0.232813754910840,-0.247805405798716,-0.262200071758834,-0.275963074780070,-0.289061258582651,-0.301463068494530,-0.313138627469359,-0.324059808062911,-0.334200300194552,-0.343535674530535,-0.352043441336403,-0.359703104656728,-0.366496211691663,-0.372406397251357,-0.377419423181125,-0.381523212662412,-0.384707879306908,-0.386965750973724,-0.388291388252247,-0.388681597566162,-0.388135438867052,-0.386654227899063,-0.384241533029155,-0.380903166650595,-0.376647171180398,-0.371483799684431,-0.365425491176886,-0.358486840653604,-0.350684563931448,-0.342037457378441,-0.332566352631667,-0.322294066412030,-0.311245345556781,-0.299446807402213,-0.286926875660171,-0.273715711942837,-0.259845143100768,-0.245348584549223,-0.230260959767501,-0.214618616165221,-0.198459237518228,-0.181821753185077,-0.164746244322800,-0.147273847327881,-0.129446654735085,-0.111307613812843,-0.092900423099531,-0.074269427129857,-0.055459509604992,-0.036515985263811,-0.017484490715706,0.001589125501994,0.020658913377168,0.039678932120510,0.058603360840909,0.077386608931995,0.095983425903897,0.114349010395641,0.132439118105551,0.150210168379649,0.167619349201264,0.184624720328931,0.201185314334110,0.217261235295307,0.232813754910840,0.247805405798716,0.262200071758834,0.275963074780070,0.289061258582651,0.301463068494530,0.313138627469359,0.324059808062911,0.334200300194551,0.343535674530535,0.352043441336403,0.359703104656727,0.366496211691663,0.372406397251357,0.377419423181124,0.381523212662411,0.384707879306908,0.386965750973724,0.388291388252247,0.388681597566162,0.388135438867052,0.386631995746120
0.405747386143267,0.404323201984062,0.401946063967513,0.398600602676550,0.394294877620450,0.389039261668009,0.382846416058396,0.375731259899112,0.367710934224560,0.358804760701787,0.349034195082898,0.338422775516269,0.326996065841088,0.314781594001823,0.301808785730996,0.288108893660016,0.273714922028849,0.258661547175920,0.242985033999769,0.226723148593736,0.209915067264139,0.192601282151114,0.174823503679507,0.156624560074806,0.138048294186193,0.119139457865284,0.099943604154993,0.080506977548266,0.060876402581048,0.041099171027869,0.021222927971821,0.001295557023380,-0.018634935035408,-0.038520533903467,-0.058313333431353,-0.077965651031358,-0.097430142549044,-0.116659916319457,-0.135608646133254,-0.154230682840602,-0.172481164323975,-0.190316123574925,-0.207692594614459,-0.224568716001845,-0.240903831682486,-0.256658588931920,-0.271795033159980,-0.286276699346724,-0.300068699889864,-0.313137808652056,-0.325452541005573,-0.336983229681531,-0.347702096240941,-0.357583317995400,-0.366603090216209,-0.374739683482049,-0.381973496027061,-0.388287100963216,-0.393665288263218,-0.398095101402787,-0.401565868574065,-0.404069228394931,-0.405599150052309,-0.406151947830922,-0.405726289992501,-0.404323201984062,-0.401946063967514,-0.398600602676550,-0.394294877620450,-0.389039261668010,-0.382846416058396,-0.375731259899112,-0.367710934224560,-0.358804760701787,-0.349034195082898,-0.338422775516269,-0.326996065841088,-0.314781594001823,-0.301808785730996,-0.288108893660015,-0.273714922028849,-0.258661547175920,-0.242985033999769,-0.226723148593736,-0.209915067264139,-0.192601282151114,-0.174823503679507,-0.156624560074806,-0.138048294186193,-0.119139457865284,-0.099943604154993,-0.080506977548266,-0.060876402581048,-0.041099171027869,-0.021222927971821,-0.001295557023380,0.018634935035407,0.038520533903467,0.058313333431353,0.077965651031358,0.097430142549044,0.116659916319457,0.135608646133254,0.154230682840602,0.172481164323974,0.190316123574925,0.207692594614459,0.224568716001845,0.240903831682486,0.256658588931920,0.271795033159980,0.286276699346724,0.300068699889864,0.313137808652056,0.325452541005573,0.336983229681531,0.347702096240941,0.357583317995400,0.366603090216209,0.374739683482049,0.381973496027060,0.388287100963216,0.393665288263218,0.398095101402787,0.401565868574064,0.404069228394931,0.405599150052309,0.406151947830922,0.405726289992501,0.404302141384721
0.422359314633855,0.421017859953829,0.418682006183830,0.415337510788722,0.410992430950854,0.405657234348141,0.399344773936505,0.392070256985986,0.383851208445088,0.374707428721652,0.364660945981930,0.353735963082811,0.341958799265015,0.329357826747736,0.315963402377483,0.301807794495778,0.286925105201891,0.271351188197902,0.255123562413988,0.238281321622033,0.220865040255312,0.202916675661123,0.184479467021865,0.165597831188058,0.146317255674262,0.126684189075669,0.106745929169368,0.086550508969860,0.066146581013313,0.045583300149349,0.024910205122700,0.004177099230034,-0.016566069660548,-0.037269329438301,-0.057882804137030,-0.078356834090658,-0.098642095567713,-0.118689719596518,-0.138451409694824,-0.157879558220264,-0.176927361061335,-0.195548930392603,-0.213699405222492,-0.231335059467342,-0.248413407291377,-0.264893305458803,-0.280735052451466,-0.295900484113286,-0.310353065591056,-0.324057979350099,-0.336982209052761,-0.349094619097659,-0.360366029628074,-0.370769286828779,-0.380279328341959,-0.388873243644628,-0.396530329242084,-0.403232138544440,-0.408962526306080,-0.413707687520961,-0.417456190680090,-0.420199005311028,-0.421929523733085,-0.422643576975807,-0.422339444822390,-0.421017859953829,-0.418682006183830,-0.415337510788722,-0.410992430950854,-0.405657234348141,-0.399344773936505,-0.392070256985986,-0.383851208445088,-0.374707428721652,-0.364660945981930,-0.353735963082811,-0.341958799265015,-0.329357826747736,-0.315963402377483,-0.301807794495778,-0.286925105201891,-0.271351188197902,-0.255123562413988,-0.238281321622033,-0.220865040255312,-0.202916675661123,-0.184479467021865,-0.165597831188058,-0.146317255674262,-0.126684189075669,-0.106745929169368,-0.086550508969859,-0.066146581013313,-0.045583300149349,-0.024910205122700,-0.004177099230034,0.016566069660548,0.037269329438301,0.057882804137030,0.078356834090658,0.098642095567713,0.118689719596518,0.138451409694824,0.157879558220264,0.176927361061335,0.195548930392603,0.213699405222491,0.231335059467342,0.248413407291377,0.264893305458803,0.280735052451465,0.295900484113286,0.310353065591056,0.324057979350099,0.336982209052761,0.349094619097659,0.360366029628074,0.370769286828779,0.380279328341959,0.388873243644628,0.396530329242083,0.403232138544440,0.408962526306079,0.413707687520961,0.417456190680090,0.420199005311027,0.421929523733085,0.422643576975807,0.422339444822390,0.420998021832994
0.437953456701248,0.436697963022178,0.434409021481506,0.431073550558348,0.426699585694311,0.421297664153868,0.414880799639160,0.407464450938856,0.399066484686569,0.389707132318576,0.379408941334515,0.368196720978480,0.356097482471385,0.343140373938560,0.329356610189370,0.314779397518002,0.299443853706594,0.283386923423423,0.266647289219962,0.249265278341226,0.231282765573906,0.212743072366341,0.193690862463354,0.174172034307376,0.154233610465083,0.133923624345911,0.113291004485366,0.092385456671895,0.071257344201292,0.049957566547101,0.028537436739332,0.007048557746874,-0.014457301838576,-0.035928332517588,-0.057312808696615,-0.078559213299482,-0.099616361876536,-0.120433525912467,-0.140960555035744,-0.161147997835253,-0.180947220993080,-0.200310526446430,-0.219191266296440,-0.237543955187054,-0.255324379883230,-0.272489705784493,-0.288998580117242,-0.304811231557202,-0.319889566042030,-0.334197258543246,-0.347699840576409,-0.360364783238714,-0.372161575573970,-0.383061798076164,-0.393039191154542,-0.402069718395261,-0.410131624467218,-0.417205487532546,-0.423274266035523,-0.428323339757174,-0.432340545036656,-0.435316204074585,-0.437243148247703,-0.438116735378715,-0.437934860919706,-0.436697963022178,-0.434409021481506,-0.431073550558348,-0.426699585694312,-0.421297664153868,-0.414880799639160,-0.407464450938856,-0.399066484686569,-0.389707132318576,-0.379408941334515,-0.368196720978480,-0.356097482471385,-0.343140373938560,-0.329356610189370,-0.314779397518002,-0.299443853706594,-0.283386923423423,-0.266647289219962,-0.249265278341226,-0.231282765573906,-0.212743072366341,-0.193690862463354,-0.174172034307376,-0.154233610465083,-0.133923624345911,-0.113291004485366,-0.092385456671895,-0.071257344201292,-0.049957566547101,-0.028537436739332,-0.007048557746875,0.014457301838576,0.035928332517588,0.057312808696614,0.078559213299482,0.099616361876536,0.120433525912467,0.140960555035744,0.161147997835253,0.180947220993080,0.200310526446429,0.219191266296440,0.237543955187054,0.255324379883230,0.272489705784493,0.288998580117241,0.304811231557202,0.319889566042030,0.334197258543246,0.347699840576409,0.360364783238714,0.372161575573970,0.383061798076164,0.393039191154542,0.402069718395261,0.410131624467218,0.417205487532546,0.423274266035523,0.428323339757174,0.432340545036656,0.435316204074585,0.437243148247703,0.438116735378715,0.437934860919706,0.436679395349715
0.452492223368227,0.451325715133824,0.449089200839902,0.445770791325588,0.441378480930060,0.435922851113783,0.429417044966841,0.421876735546083,0.413320088117356,0.403767716393791,0.393242632875558,0.381770193410741,0.369378036110878,0.356096014768329,0.341956126935876,0.326992436841816,0.311240993326248,0.294739742996267,0.277528438809254,0.259648544304530,0.241143133714050,0.222056788192809,0.202435488418934,0.182326503822203,0.161778278707849,0.140840315549984,0.119563055735804,0.097997758047870,0.076196375177209,0.054211428564732,0.032095881872482,0.009903013389533,-0.012313712320072,-0.034500773218144,-0.056604718731623,-0.078572298519689,-0.100350590758502,-0.121887129634503,-0.143130031739163,-0.164028121060653,-0.184531052271342,-0.204589432014097,-0.224154937895213,-0.243180434897286,-0.261620088931601,-0.279429477256466,-0.296565695495488,-0.312987460997975,-0.328655212292454,-0.343531204393724,-0.357579599733830,-0.370766554497903,-0.383060300156875,-0.394431220000651,-0.404851920487350,-0.414297297236755,-0.422744595508959,-0.430173465022529,-0.436566008980114,-0.441906827183399,-0.446183053133534,-0.449384385027650,-0.451503110576810,-0.452534125585590,-0.452474946248526,-0.451325715133824,-0.449089200839902,-0.445770791325588,-0.441378480930060,-0.435922851113783,-0.429417044966841,-0.421876735546083,-0.413320088117356,-0.403767716393791,-0.393242632875558,-0.381770193410741,-0.369378036110878,-0.356096014768329,-0.341956126935876,-0.326992436841816,-0.311240993326248,-0.294739742996266,-0.277528438809254,-0.259648544304530,-0.241143133714050,-0.222056788192809,-0.202435488418934,-0.182326503822203,-0.161778278707849,-0.140840315549984,-0.119563055735804,-0.097997758047870,-0.076196375177209,-0.054211428564732,-0.032095881872482,-0.009903013389533,0.012313712320072,0.034500773218144,0.056604718731623,0.078572298519689,0.100350590758501,0.121887129634503,0.143130031739163,0.164028121060653,0.184531052271342,0.204589432014097,0.224154937895213,0.243180434897286,0.261620088931601,0.279429477256466,0.296565695495488,0.312987460997975,0.328655212292454,0.343531204393724,0.357579599733830,0.370766554497903,0.383060300156875,0.394431220000651,0.404851920487350,0.414297297236755,0.422744595508959,0.430173465022529,0.436566008980114,0.441906827183399,0.446183053133534,0.449384385027649,0.451503110576810,0.452534125585590,0.452474946248526,0.451308462808402
0.465940566627980,0.464865853918244,0.462687155640588,0.459393803478386,0.454993731405459,0.449497539580832,0.442918468812021,0.435272368656765,0.426577659240058,0.416855286878453,0.406128673618546,0.394423660811221,0.381768446857570,0.368193519276472,0.353731581257494,0.338417472876040,0.322288087160557,0.305382281214002,0.287740782603673,0.269406091244937,0.250422377015205,0.230835373344833,0.210692267041284,0.190041584611968,0.168933075359646,0.147417591531992,0.125546965814082,0.103373886458910,0.080951770356775,0.058334634349314,0.035576965098194,0.012733587821979,-0.010140465782630,-0.032990090116969,-0.055760238434625,-0.078396055453872,-0.100843009508848,-0.123047023921112,-0.144954607275104,-0.166512982283645,-0.187670212933052,-0.208375329601532,-0.228578451849480,-0.248230908585815,-0.267285355320906,-0.285695888223597,-0.303418154707554,-0.320409460280528,-0.336628871399132,-0.352037314081329,-0.366597668039078,-0.380274856104356,-0.393035928733136,-0.404850143383716,-0.415689038578201,-0.425526502468690,-0.434338835743014,-0.442104808718443,-0.448805712485862,-0.454425403981165,-0.458950344875312,-0.462369634189353,-0.464675034555835,-0.465860992063345,-0.465924649636372,-0.464865853918244,-0.462687155640588,-0.459393803478386,-0.454993731405459,-0.449497539580832,-0.442918468812020,-0.435272368656765,-0.426577659240058,-0.416855286878453,-0.406128673618546,-0.394423660811221,-0.381768446857570,-0.368193519276472,-0.353731581257494,-0.338417472876040,-0.322288087160557,-0.305382281214002,-0.287740782603674,-0.269406091244937,-0.250422377015205,-0.230835373344833,-0.210692267041284,-0.190041584611968,-0.168933075359646,-0.147417591531992,-0.125546965814082,-0.103373886458910,-0.080951770356775,-0.058334634349314,-0.035576965098194,-0.012733587821979,0.010140465782630,0.032990090116969,0.055760238434625,0.078396055453872,0.100843009508848,0.123047023921112,0.144954607275103,0.166512982283645,0.187670212933051,0.208375329601532,0.228578451849480,0.248230908585814,0.267285355320906,0.285695888223597,0.303418154707554,0.320409460280528,0.336628871399132,0.352037314081329,0.366597668039078,0.380274856104356,0.393035928733136,0.404850143383716,0.415689038578201,0.425526502468690,0.434338835743014,0.442104808718443,0.448805712485862,0.454425403981165,0.458950344875312,0.462369634189353,0.464675034555835,0.465860992063345,0.465924649636372,0.464849958658602
0.478266063770503,0.477285735532477,0.475170102814548,0.471909743698953,0.467512512676376,0.461989003061502,0.455352521472795,0.447619055775690,0.438807236566422,0.428938292289292,0.418035998095479,0.406126618566625,0.393238844441154,0.379403723495769,0.364654585748642,0.349026963164477,0.332558504054897,0.315288882380364,0.297259702172133,0.278514397304494,0.259098126858768,0.239057666331124,0.218441294946310,0.197298679348772,0.175680753951360,0.153639598229863,0.131228311258990,0.108500883792052,0.085512068192503,0.062317246530707,0.038972297163671,0.015533460119199,-0.007942798391271,-0.031399922004710,-0.054781400455731,-0.078030905714770,-0.101092427687242,-0.123910409146765,-0.146429879577383,-0.168596587602356,-0.190357131680478,-0.211659088755067,-0.232451140545698,-0.252683197178439,-0.272306517856743,-0.291273828282297,-0.309539434542944,-0.327059333193324,-0.343791317263028,-0.359695077936882,-0.374732301662419,-0.388866762450577,-0.402064409147287,-0.414293447465677,-0.425524416581303,-0.435730260105848,-0.444886391268334,-0.452970752146809,-0.459963866807810,-0.465848888225595,-0.470611638868101,-0.474240644851862,-0.476727163583601,-0.478065204821899,-0.478251545108215,-0.477285735532477,-0.475170102814548,-0.471909743698953,-0.467512512676376,-0.461989003061502,-0.455352521472795,-0.447619055775690,-0.438807236566422,-0.428938292289292,-0.418035998095479,-0.406126618566625,-0.393238844441154,-0.379403723495769,-0.364654585748642,-0.349026963164477,-0.332558504054897,-0.315288882380364,-0.297259702172133,-0.278514397304494,-0.259098126858768,-0.239057666331124,-0.218441294946310,-0.197298679348772,-0.175680753951360,-0.153639598229862,-0.131228311258990,-0.108500883792051,-0.085512068192503,-0.062317246530707,-0.038972297163671,-0.015533460119199,0.007942798391271,0.031399922004710,0.054781400455731,0.078030905714770,0.101092427687242,0.123910409146764,0.146429879577382,0.168596587602356,0.190357131680478,0.211659088755067,0.232451140545698,0.252683197178439,0.272306517856743,0.291273828282297,0.309539434542944,0.327059333193324,0.343791317263028,0.359695077936882,0.374732301662419,0.388866762450577,0.402064409147287,0.414293447465677,0.425524416581303,0.435730260105847,0.444886391268334,0.452970752146809,0.459963866807810,0.465848888225595,0.470611638868101,0.474240644851862,0.476727163583601,0.478065204821899,0.478251545108215,0.477271235776381
0.489438995376724,0.488555413187942,0.486507943704685,0.483288433971979,0.478904640070769,0.473367122944535,0.466689222957065,0.458887027754343,0.449979333508004,0.439987599633710,0.428935897093536,0.416850850406917,0.403761573509844,0.389699599616850,0.374698805254725,0.358795328651003,0.342027482673801,0.324435662532768,0.306062248463487,0.286951503629770,0.267149467489825,0.246703844883168,0.225663891105482,0.204080293248301,0.182005048089363,0.159491336827817,0.136593396966062,0.113366391646848,0.089866276760433,0.066149666141946,0.042273695183696,0.018295883191011,-0.005726005186812,-0.029734099116601,-0.053670560997218,-0.077477725795407,-0.101098239965908,-0.124475199621171,-0.147552287617806,-0.170273909229517,-0.192585326079660,-0.214432788010796,-0.235763662573519,-0.256526561822645,-0.276671466115266,-0.296149844612458,-0.314914772194316,-0.332921042506681,-0.350125276867209,-0.366486028768411,-0.381963883725925,-0.396521554231458,-0.410123969581661,-0.422738360366526,-0.434334337413760,-0.444883964998969,-0.454361828145263,-0.462745093850159,-0.470013566092287,-0.476149734485372,-0.481138816462291,-0.484968792887569,-0.487630437012532,-0.489117336703349,-0.489425909888430,-0.488555413187942,-0.486507943704685,-0.483288433971979,-0.478904640070768,-0.473367122944535,-0.466689222957065,-0.458887027754343,-0.449979333508004,-0.439987599633710,-0.428935897093536,-0.416850850406917,-0.403761573509845,-0.389699599616850,-0.374698805254725,-0.358795328651003,-0.342027482673801,-0.324435662532768,-0.306062248463487,-0.286951503629769,-0.267149467489825,-0.246703844883168,-0.225663891105482,-0.204080293248301,-0.182005048089363,-0.159491336827817,-0.136593396966062,-0.113366391646848,-0.089866276760433,-0.066149666141946,-0.042273695183696,-0.018295883191011,0.005726005186812,0.029734099116601,0.053670560997218,0.077477725795407,0.101098239965908,0.124475199621171,0.147552287617806,0.170273909229517,0.192585326079660,0.214432788010795,0.235763662573519,0.256526561822644,0.276671466115266,0.296149844612458,0.314914772194316,0.332921042506681,0.350125276867209,0.366486028768411,0.381963883725924,0.396521554231458,0.410123969581661,0.422738360366526,0.434334337413760,0.444883964998969,0.454361828145263,0.462745093850159,0.470013566092287,0.476149734485372,0.481138816462291,0.484968792887569,0.487630437012532,0.489117336703349,0.489425909888429,0.488542343999087
0.499432416791889,0.498647709171545,0.496673336453091,0.493502434163676,0.489142641284652,0.483604460938938,0.476901235088074,0.469049112390268,0.460067009296864,0.449976564480953,0.438802086707915,0.426570496273475,0.413311260150349,0.399056320999730,0.383840020218617,0.367699015208382,0.350672191063881,0.332800566895850,0.314127197012280,0.294697067196815,0.274556986334058,0.253755473642871,0.232342641789324,0.210370076160894,0.187890710592750,0.164958699845506,0.141629289141658,0.117958681075007,0.094003900213686,0.069822655722982,0.045473202338898,0.021014200027398,-0.003495427332594,-0.027996633901980,-0.052430394128079,-0.076737844942364,-0.100860427566742,-0.124740028586781,-0.148319119952019,-0.171540897566071,-0.194349418132679,-0.216689733928007,-0.238508025174523,-0.259751729697557,-0.280369669552186,-0.300312174315382,-0.319531200746411,-0.337980448527215,-0.355615471803925,-0.372393786260824,-0.388274971468777,-0.403220768261590,-0.417195170905694,-0.430164513841104,-0.442097552784710,-0.452965540000485,-0.462742293555304,-0.471404260393510,-0.478930573078291,-0.485303100063163,-0.490506489372451,-0.494528205585547,-0.497358560035833,-0.498990734151527,-0.499420795882224,-0.498647709171545,-0.496673336453091,-0.493502434163676,-0.489142641284652,-0.483604460938938,-0.476901235088074,-0.469049112390268,-0.460067009296864,-0.449976564480953,-0.438802086707915,-0.426570496273475,-0.413311260150349,-0.399056320999730,-0.383840020218617,-0.367699015208382,-0.350672191063881,-0.332800566895850,-0.314127197012280,-0.294697067196815,-0.274556986334058,-0.253755473642871,-0.232342641789323,-0.210370076160894,-0.187890710592750,-0.164958699845505,-0.141629289141658,-0.117958681075007,-0.094003900213686,-0.069822655722982,-0.045473202338898,-0.021014200027398,0.003495427332594,0.027996633901980,0.052430394128079,0.076737844942364,0.100860427566742,0.124740028586781,0.148319119952019,0.171540897566071,0.194349418132679,0.216689733928006,0.238508025174522,0.259751729697557,0.280369669552186,0.300312174315382,0.319531200746411,0.337980448527215,0.355615471803925,0.372393786260824,0.388274971468777,0.403220768261590,0.417195170905694,0.430164513841104,0.442097552784710,0.452965540000485,0.462742293555304,0.471404260393510,0.478930573078291,0.485303100063163,0.490506489372451,0.494528205585547,0.497358560035833,0.498990734151527,0.499420795882224,0.498636102154617
0.508222222905409,0.507538280186948,0.505641761738085,0.502527107996207,0.498201822434991,0.492676325046203,0.485963927237028,0.478080799761728,0.469045933764868,0.458881095029998,0.447610771543963,0.435262114503206,0.421864872904152,0.407451321875273,0.392056184923476,0.375716550282132,0.358471781562276,0.340363422922216,0.321435098984022,0.301732409737985,0.281302820688252,0.260195548504264,0.238461442453491,0.216152861901092,0.193323550171618,0.170028505076638,0.146323846420191,0.122266680801261,0.097914964038985,0.073327361552002,0.048563107028321,0.023681859726183,-0.001256439250321,-0.026191711354621,-0.051063885332143,-0.075813041937233,-0.100379558283858,-0.124704251482366,-0.148728521216250,-0.172394490915445,-0.195645147186050,-0.218424477160593,-0.240677603437932,-0.262350916287720,-0.283392202800945,-0.303750772675397,-0.323377580333049,-0.342225343075147,-0.360248654990378,-0.377404096341682,-0.393650338168203,-0.408948241850380,-0.423260953398304,-0.436553992236211,-0.448795334269206,-0.459955489032119,-0.470007570734611,-0.478927363031402,-0.486693377361567,-0.493286904716364,-0.498692060710868,-0.502895823850855,-0.505888066902713,-0.507661581290841,-0.508212094463737,-0.507538280186947,-0.505641761738085,-0.502527107996207,-0.498201822434991,-0.492676325046203,-0.485963927237028,-0.478080799761728,-0.469045933764868,-0.458881095029998,-0.447610771543963,-0.435262114503206,-0.421864872904152,-0.407451321875273,-0.392056184923476,-0.375716550282132,-0.358471781562276,-0.340363422922216,-0.321435098984021,-0.301732409737985,-0.281302820688252,-0.260195548504264,-0.238461442453491,-0.216152861901092,-0.193323550171618,-0.170028505076638,-0.146323846420191,-0.122266680801261,-0.097914964038985,-0.073327361552002,-0.048563107028321,-0.023681859726183,0.001256439250321,0.026191711354621,0.051063885332143,0.075813041937233,0.100379558283858,0.124704251482366,0.148728521216250,0.172394490915445,0.195645147186050,0.218424477160593,0.240677603437932,0.262350916287720,0.283392202800945,0.303750772675397,0.323377580333049,0.342225343075147,0.360248654990378,0.377404096341681,0.393650338168203,0.408948241850380,0.423260953398304,0.436553992236211,0.448795334269206,0.459955489032119,0.470007570734611,0.478927363031402,0.486693377361567,0.493286904716364,0.498692060710868,0.502895823850855,0.505888066902713,0.507661581290842,0.508212094463737,0.507528163411061
0.515787206080479,0.515205675857953,0.513391581701997,0.510340682257929,0.506060327409737,0.500560828907165,0.493855435523806,0.485960301139642,0.476894445824938,0.466679710019221,0.455340701915753,0.442904738178235,0.429401778132573,0.414864351592235,0.399327480491086,0.382828594512478,0.365407440917864,0.347105988792168,0.327968327936578,0.308040562652355,0.287370700671536,0.266008537502099,0.244005536466224,0.221414704720640,0.198290465557747,0.174688527295132,0.150665749069354,0.126280003857308,0.101590039055147,0.076655334950666,0.051535961430075,0.026292433264381,0.000985564324009,-0.024323678927146,-0.049574324305262,-0.074705540793929,-0.099656785091391,-0.124367947464664,-0.148779496559149,-0.172832622814878,-0.196469380143897,-0.219632825527463,-0.242267156196771,-0.264317844066704,-0.285731767098771,-0.306457337276750,-0.326444624886737,-0.345645478802200,-0.364013642484260,-0.381504865417746,-0.398077009714561,-0.413690151627546,-0.428306677730282,-0.441891375531132,-0.454411518303213,-0.465836943925955,-0.476140127548281,-0.485296247898394,-0.493283247080389,-0.500081883713657,-0.505675779287060,-0.510051457616193,-0.513198377308697,-0.515108957159395,-0.515778594414080,-0.515205675857953,-0.513391581701997,-0.510340682257929,-0.506060327409736,-0.500560828907165,-0.493855435523805,-0.485960301139642,-0.476894445824938,-0.466679710019221,-0.455340701915753,-0.442904738178235,-0.429401778132573,-0.414864351592235,-0.399327480491086,-0.382828594512478,-0.365407440917864,-0.347105988792168,-0.327968327936578,-0.308040562652355,-0.287370700671536,-0.266008537502099,-0.244005536466224,-0.221414704720640,-0.198290465557747,-0.174688527295131,-0.150665749069354,-0.126280003857308,-0.101590039055147,-0.076655334950666,-0.051535961430075,-0.026292433264381,-0.000985564324009,0.024323678927146,0.049574324305262,0.074705540793929,0.099656785091391,0.124367947464664,0.148779496559149,0.172832622814878,0.196469380143897,0.219632825527463,0.242267156196771,0.264317844066704,0.285731767098771,0.306457337276750,0.326444624886737,0.345645478802200,0.364013642484260,0.381504865417746,0.398077009714561,0.413690151627546,0.428306677730282,0.441891375531132,0.454411518303213,0.465836943925955,0.476140127548281,0.485296247898394,0.493283247080389,0.500081883713657,0.505675779287060,0.510051457616192,0.513198377308696,0.515108957159395,0.515778594414080,0.515197073788654
0.522109107093197,0.521631390252374,0.519904091927070,0.516924299106094,0.512699190371351,0.507238944379857,0.500556715342468,0.492668601334230,0.483593605512703,0.473353590337700,0.461973224902695,0.449479925504825,0.435903789596621,0.421277523278617,0.405636362507481,0.389017988209516,0.371462435504002,0.353011997255093,0.333711122184597,0.313606307791117,0.292745988333499,0.271180418148465,0.248961550583513,0.226142912836748,0.202779477005180,0.178927527652122,0.154644526212750,0.129988972564470,0.105020264095593,0.079798552611822,0.054384599425280,0.028839628975195,0.003225181332856,-0.022397036053807,-0.047965297018868,-0.073418005382146,-0.098693843339801,-0.123731919184291,-0.148471913997830,-0.172854226965944,-0.196820118961055,-0.220311854050182,-0.243272838585863,-0.265647757545207,-0.287382707788629,-0.308425327917236,-0.328724924416022,-0.348232593778987,-0.366901340321965,-0.384686189399346,-0.401544295751934,-0.417435046724929,-0.432320160107371,-0.446163776357341,-0.458932544990735,-0.470595704925503,-0.481125158587789,-0.490495539601451,-0.498684273897878,-0.505671634098901,-0.511440787041776,-0.515977834331745,-0.519271845824489,-0.521314885957799,-0.522102032869046,-0.521631390252374,-0.519904091927070,-0.516924299106094,-0.512699190371351,-0.507238944379857,-0.500556715342468,-0.492668601334229,-0.483593605512703,-0.473353590337700,-0.461973224902695,-0.449479925504825,-0.435903789596621,-0.421277523278617,-0.405636362507481,-0.389017988209516,-0.371462435504002,-0.353011997255093,-0.333711122184597,-0.313606307791116,-0.292745988333499,-0.271180418148465,-0.248961550583513,-0.226142912836748,-0.202779477005180,-0.178927527652122,-0.154644526212750,-0.129988972564470,-0.105020264095593,-0.079798552611822,-0.054384599425280,-0.028839628975195,-0.003225181332856,0.022397036053807,0.047965297018868,0.073418005382146,0.098693843339801,0.123731919184291,0.148471913997829,0.172854226965944,0.196820118961055,0.220311854050182,0.243272838585863,0.265647757545207,0.287382707788629,0.308425327917236,0.328724924416022,0.348232593778987,0.366901340321965,0.384686189399347,0.401544295751934,0.417435046724929,0.432320160107371,0.446163776357341,0.458932544990735,0.470595704925503,0.481125158587789,0.490495539601451,0.498684273897878,0.505671634098901,0.511440787041776,0.515977834331745,0.519271845824489,0.521314885957799,0.522102032869046,0.521624323692363
0.527172658957748,0.526799906301503,0.525163566333500,0.522262061335304,0.518102381286597,0.512694547220962,0.506051587084333,0.498189504349534,0.489127239462510,0.478886624213135,0.467492329140515,0.454971804099505,0.441355212131595,0.426675356799509,0.410967603160546,0.394269792569058,0.376622151513317,0.358067194706375,0.338649622664404,0.318416214019230,0.297415712824518,0.275698711127072,0.253317527086165,0.230326078934513,0.206779755084526,0.182735280692773,0.158250581004111,0.133384641804696,0.108197367320059,0.082749435900577,0.057102153842017,0.031317307693293,0.005457015407264,-0.020416423306859,-0.046240677068969,-0.071953532989815,-0.097493046547302,-0.122797690816276,-0.147806504692265,-0.172459239752130,-0.196696505397786,-0.220459911933361,-0.243692211231080,-0.266337434647026,-0.288341027854504,-0.309649982270190,-0.330212962756451,-0.349980431292192,-0.368904766314285,-0.386940377442086,-0.404043815308654,-0.420173876234086,-0.435291701488784,-0.449360870907547,-0.462347490628929,-0.474220274748528,-0.484950620689468,-0.494512678108510,-0.502883411171793,-0.510042654050179,-0.515973159500497,-0.520660640415668,-0.524093804243591,-0.526264380191896,-0.527167139153003,-0.526799906301503,-0.525163566333500,-0.522262061335304,-0.518102381286597,-0.512694547220962,-0.506051587084333,-0.498189504349534,-0.489127239462510,-0.478886624213135,-0.467492329140515,-0.454971804099505,-0.441355212131595,-0.426675356799509,-0.410967603160546,-0.394269792569058,-0.376622151513317,-0.358067194706375,-0.338649622664404,-0.318416214019230,-0.297415712824518,-0.275698711127072,-0.253317527086165,-0.230326078934513,-0.206779755084526,-0.182735280692773,-0.158250581004111,-0.133384641804696,-0.108197367320059,-0.082749435900577,-0.057102153842017,-0.031317307693293,-0.005457015407264,0.020416423306859,0.046240677068969,0.071953532989814,0.097493046547302,0.122797690816276,0.147806504692265,0.172459239752130,0.196696505397786,0.220459911933361,0.243692211231080,0.266337434647026,0.288341027854504,0.309649982270190,0.330212962756451,0.349980431292192,0.368904766314285,0.386940377442086,0.404043815308654,0.420173876234086,0.435291701488784,0.449360870907547,0.462347490628929,0.474220274748528,0.484950620689468,0.494512678108510,0.502883411171793,0.510042654050178,0.515973159500497,0.520660640415668,0.524093804243591,0.526264380191896,0.527167139153003,0.526794392340235
0.530965623531248,0.530698733007397,0.529157294890664,0.526341070501835,0.522256844372134,0.516914455760043,0.510326774947668,0.502509672235097,0.493481979707463,0.483265445866797,0.471884683237985,0.459367109075035,0.445742879310517,0.431044815907275,0.415308327787445,0.398571325529262,0.380874130037155,0.362259375405154,0.342771906207628,0.322458669464775,0.301368601543137,0.279552510263610,0.257062952500951,0.233954107569661,0.210281646701276,0.186102598927491,0.161475213692227,0.136458820523620,0.111113686103990,0.085500869082127,0.059682072977653,0.033719497531844,0.007675688863002,-0.018386611212623,-0.044404616331359,-0.070315646839968,-0.096057280796416,-0.121567504349802,-0.146784861137153,-0.171648600337189,-0.196098823024372,-0.220076626470660,-0.243524246047344,-0.266385194385096,-0.288604397456987,-0.310128327256644,-0.330905130751907,-0.350884754803322,-0.370019066746542,-0.388261970348126,-0.405569516855409,-0.421900010872894,-0.437214110810110,-0.451474923658950,-0.464648093872164,-0.476701886128873,-0.487607261787743,-0.497337948843615,-0.505870505219064,-0.513184375238416,-0.519261939148177,-0.524088555564555,-0.527652596745843,-0.529945476604661,-0.530961671392596,-0.530698733007397,-0.529157294890665,-0.526341070501835,-0.522256844372134,-0.516914455760043,-0.510326774947668,-0.502509672235097,-0.493481979707463,-0.483265445866797,-0.471884683237985,-0.459367109075035,-0.445742879310517,-0.431044815907275,-0.415308327787445,-0.398571325529262,-0.380874130037155,-0.362259375405154,-0.342771906207628,-0.322458669464775,-0.301368601543137,-0.279552510263610,-0.257062952500951,-0.233954107569661,-0.210281646701276,-0.186102598927491,-0.161475213692227,-0.136458820523620,-0.111113686103990,-0.085500869082127,-0.059682072977653,-0.033719497531844,-0.007675688863002,0.018386611212623,0.044404616331359,0.070315646839968,0.096057280796416,0.121567504349802,0.146784861137153,0.171648600337189,0.196098823024371,0.220076626470660,0.243524246047344,0.266385194385096,0.288604397456987,0.310128327256644,0.330905130751907,0.350884754803322,0.370019066746541,0.388261970348126,0.405569516855409,0.421900010872894,0.437214110810109,0.451474923658950,0.464648093872163,0.476701886128872,0.487607261787743,0.497337948843615,0.505870505219064,0.513184375238416,0.519261939148177,0.524088555564555,0.527652596745843,0.529945476604661,0.530961671392596,0.530694784979674
0.533478820809240,0.533318435347469,0.531875614049845,0.529151457811173,0.525152529362440,0.519888462472545,0.513371938739701,0.505618657040363,0.496647295709250,0.486479467541609,0.475139667726091,0.462655214833701,0.449056185004966,0.434375339493878,0.418648045743163,0.401912192181014,0.384208096944551,0.365578410749894,0.346068014142854,0.325723909377765,0.304595107184940,0.282732508699526,0.260188782836213,0.237018239405201,0.213276698275116,0.189021354898054,0.164310642520727,0.139204091413655,0.113762185457529,0.088046216432246,0.062118136359639,0.036040408255636,0.009875855651378,-0.016312488754166,-0.042461534945497,-0.068508287579953,-0.094389997749011,-0.120044314145905,-0.145409433275381,-0.170424248343735,-0.195028496470427,-0.219162903866643,-0.242769328631042,-0.265790900818686,-0.288172159445725,-0.309859186099759,-0.330799734834020,-0.350943358032430,-0.370241527942333,-0.388647753582095,-0.406117692741955,-0.422609258808291,-0.438082722153958,-0.452500805850442,-0.465828775471242,-0.478034522770151,-0.489088643032827,-0.498964505915332,-0.507638319598957,-0.515089188106803,-0.521299161644016,-0.526253279840414,-0.529939607791333,-0.532349264809856,-0.533476445821163,-0.533318435347469,-0.531875614049845,-0.529151457811173,-0.525152529362440,-0.519888462472545,-0.513371938739701,-0.505618657040363,-0.496647295709250,-0.486479467541609,-0.475139667726091,-0.462655214833701,-0.449056185004966,-0.434375339493878,-0.418648045743163,-0.401912192181014,-0.384208096944551,-0.365578410749894,-0.346068014142854,-0.325723909377765,-0.304595107184940,-0.282732508699526,-0.260188782836213,-0.237018239405201,-0.213276698275116,-0.189021354898054,-0.164310642520727,-0.139204091413655,-0.113762185457529,-0.088046216432246,-0.062118136359639,-0.036040408255636,-0.009875855651378,0.016312488754166,0.042461534945497,0.068508287579953,0.094389997749011,0.120044314145905,0.145409433275381,0.170424248343735,0.195028496470427,0.219162903866643,0.242769328631042,0.265790900818686,0.288172159445725,0.309859186099759,0.330799734834020,0.350943358032430,0.370241527942333,0.388647753582095,0.406117692741955,0.422609258808291,0.438082722153958,0.452500805850442,0.465828775471242,0.478034522770151,0.489088643032827,0.498964505915332,0.507638319598957,0.515089188106803,0.521299161644016,0.526253279840414,0.529939607791333,0.532349264809856,0.533476445821163,0.533316062801130
0.534706150840329,0.534652656803437,0.533311929824204,0.530686407693417,0.526782415523856,0.521609358374609,0.515179698593453,0.507508925793974,0.498615519539724,0.488520904825343,0.477249400461859,0.464828160490553,0.451287108766486,0.436658866869319,0.420978675515064,0.404284309658116,0.386615987488078,0.368016273540620,0.348529976155785,0.328204039530770,0.307087430627247,0.285231021205660,0.262687465270702,0.239511072223203,0.215757676024026,0.191484500685166,0.166750022412094,0.141613828729455,0.116136474929500,0.090379338189086,0.064404469706679,0.038274445215584,0.012052214233519,-0.014199051588284,-0.040416110651121,-0.066535803763366,-0.092495206296497,-0.118231779776036,-0.143683522542215,-0.168789119117398,-0.193488087920448,-0.217720926972141,-0.241429257240658,-0.264555963281777,-0.287045330834985,-0.308843181044009,-0.329897000978431,-0.350156070141931,-0.369571582662410,-0.388096764869608,-0.405686987976972,-0.422299875596317,-0.437895405826250,-0.452436007668440,-0.465886651539442,-0.478214933660035,-0.489391154118760,-0.499388388421610,-0.508182552355496,-0.515752460009223,-0.522079874812207,-0.527149553467973,-0.530949282676586,-0.533469908557568,-0.534705358702388,-0.534652656803437,-0.533311929824204,-0.530686407693417,-0.526782415523856,-0.521609358374609,-0.515179698593453,-0.507508925793974,-0.498615519539725,-0.488520904825343,-0.477249400461859,-0.464828160490553,-0.451287108766486,-0.436658866869319,-0.420978675515064,-0.404284309658116,-0.386615987488078,-0.368016273540621,-0.348529976155785,-0.328204039530770,-0.307087430627247,-0.285231021205660,-0.262687465270702,-0.239511072223203,-0.215757676024025,-0.191484500685166,-0.166750022412094,-0.141613828729455,-0.116136474929500,-0.090379338189086,-0.064404469706679,-0.038274445215584,-0.012052214233519,0.014199051588284,0.040416110651121,0.066535803763366,0.092495206296497,0.118231779776036,0.143683522542215,0.168789119117398,0.193488087920447,0.217720926972141,0.241429257240659,0.264555963281777,0.287045330834985,0.308843181044009,0.329897000978431,0.350156070141931,0.369571582662410,0.388096764869607,0.405686987976972,0.422299875596317,0.437895405826250,0.452436007668440,0.465886651539442,0.478214933660035,0.489391154118760,0.499388388421610,0.508182552355496,0.515752460009223,0.522079874812207,0.527149553467973,0.530949282676587,0.533469908557568,0.534705358702388,0.534651865476222
0.534836488606412,0.534836488606412,0.533548020659216,0.530974188796964,0.527121193606054,0.521998317289384,0.515617901304711,0.507995316633000,0.499148926748387,0.489100043378954,0.477872875164916,0.465494469337886,0.451994646561722,0.437405929091934,0.421763462426730,0.405104930638424,0.387470465589208,0.368902550249983,0.349445916355159,0.329147436639988,0.308056011920041,0.286222453284859,0.263699359689587,0.240540991239488,0.216803138472589,0.192542987955399,0.167818984515449,0.142690690442595,0.117218641998236,0.091464203578164,0.065489419880353,0.039356866433855,0.013129498848863,-0.013129498848864,-0.039356866433855,-0.065489419880353,-0.091464203578164,-0.117218641998237,-0.142690690442595,-0.167818984515449,-0.192542987955399,-0.216803138472589,-0.240540991239488,-0.263699359689588,-0.286222453284859,-0.308056011920041,-0.329147436639988,-0.349445916355159,-0.368902550249983,-0.387470465589208,-0.405104930638424,-0.421763462426730,-0.437405929091934,-0.451994646561722,-0.465494469337887,-0.477872875164916,-0.489100043378954,-0.499148926748387,-0.507995316633000,-0.515617901304711,-0.521998317289384,-0.527121193606054,-0.530974188796964,-0.533548020659216,-0.534836488606412,-0.534836488606412,-0.533548020659216,-0.530974188796964,-0.527121193606054,-0.521998317289384,-0.515617901304711,-0.507995316633000,-0.499148926748387,-0.489100043378954,-0.477872875164916,-0.465494469337887,-0.451994646561722,-0.437405929091934,-0.421763462426730,-0.405104930638424,-0.387470465589208,-0.368902550249983,-0.349445916355159,-0.329147436639988,-0.308056011920041,-0.286222453284859,-0.263699359689587,-0.240540991239488,-0.216803138472589,-0.192542987955399,-0.167818984515449,-0.142690690442595,-0.117218641998237,-0.091464203578164,-0.065489419880353,-0.039356866433855,-0.013129498848863,0.013129498848863,0.039356866433855,0.065489419880353,0.091464203578164,0.117218641998237,0.142690690442595,0.167818984515449,0.192542987955399,0.216803138472589,0.240540991239488,0.263699359689587,0.286222453284859,0.308056011920041,0.329147436639988,0.349445916355159,0.368902550249983,0.387470465589208,0.405104930638424,0.421763462426730,0.437405929091934,0.451994646561722,0.465494469337887,0.477872875164916,0.489100043378954,0.499148926748387,0.507995316633000,0.515617901304711,0.521998317289384,0.527121193606054,0.530974188796964,0.533548020659216,0.534836488606412,0.534836488606412
